#S1         S2       STVMSE
0   0   0
0   0.1   0
0   0.2   0
0   0.3   0
0   0.4   0
0   0.5   0
0   0.6   0
0   0.7   0
0   0.8   0
0   0.9   0
0   1   0
0   1.1   0
0   1.2   0
0   1.3   0
0   1.4   0
0   1.5   0
0   1.6   0
0   1.7   0
0   1.8   0
0   1.9   0
0   2   0
0   2.1   0
0   2.2   0
0   2.3   0
0   2.4   0
0   2.5   0
0   2.6   0
0   2.7   0
0   2.8   0
0   2.9   0
0   3   0

0.1   0   0.00946861
0.1   0.1   0.000751884
0.1   0.2   0.00318966
0.1   0.3   0.00328625
0.1   0.4   0.003288
0.1   0.5   0.003288
0.1   0.6   0.00328801
0.1   0.7   0.003288
0.1   0.8   0.003288
0.1   0.9   0.003288
0.1   1   0.003288
0.1   1.1   0.003288
0.1   1.2   0.00328801
0.1   1.3   0.003288
0.1   1.4   0.003288
0.1   1.5   0.00328801
0.1   1.6   0.003288
0.1   1.7   0.003288
0.1   1.8   0.003288
0.1   1.9   0.003288
0.1   2   0.003288
0.1   2.1   0.003288
0.1   2.2   0.003288
0.1   2.3   0.003288
0.1   2.4   0.00328801
0.1   2.5   0.00328801
0.1   2.6   0.003288
0.1   2.7   0.003288
0.1   2.8   0.00328821
0.1   2.9   0.003288
0.1   3   0.00328801

0.2   0   0.0357616
0.2   0.1   0.00889167
0.2   0.2   0.00166506
0.2   0.3   0.00934004
0.2   0.4   0.0108228
0.2   0.5   0.0111354
0.2   0.6   0.0111866
0.2   0.7   0.0111924
0.2   0.8   0.0111928
0.2   0.9   0.0111928
0.2   1   0.0111928
0.2   1.1   0.0111928
0.2   1.2   0.0111928
0.2   1.3   0.0111928
0.2   1.4   0.0111928
0.2   1.5   0.0111928
0.2   1.6   0.0111928
0.2   1.7   0.0111928
0.2   1.8   0.0111928
0.2   1.9   0.0111928
0.2   2   0.0111928
0.2   2.1   0.0111928
0.2   2.2   0.0111928
0.2   2.3   0.0111928
0.2   2.4   0.0111928
0.2   2.5   0.0111928
0.2   2.6   0.0111928
0.2   2.7   0.0111928
0.2   2.8   0.0111928
0.2   2.9   0.0111928
0.2   3   0.0111928

0.3   0   0.0757661
0.3   0.1   0.0329703
0.3   0.2   0.00877911
0.3   0.3   0.00183432
0.3   0.4   0.0146866
0.3   0.5   0.0189238
0.3   0.6   0.0204554
0.3   0.7   0.0209915
0.3   0.8   0.0211582
0.3   0.9   0.0212025
0.3   1   0.0212123
0.3   1.1   0.0212142
0.3   1.2   0.0212144
0.3   1.3   0.0212145
0.3   1.4   0.0212145
0.3   1.5   0.0212145
0.3   1.6   0.0212145
0.3   1.7   0.0212145
0.3   1.8   0.0212145
0.3   1.9   0.0212145
0.3   2   0.0212145
0.3   2.1   0.0212145
0.3   2.2   0.0212145
0.3   2.3   0.0212145
0.3   2.4   0.0212145
0.3   2.5   0.0212145
0.3   2.6   0.0212145
0.3   2.7   0.0212145
0.3   2.8   0.0212145
0.3   2.9   0.0212145
0.3   3   0.0212145

0.4   0   0.126492
0.4   0.1   0.0692238
0.4   0.2   0.0310985
0.4   0.3   0.00978199
0.4   0.4   0.00136844
0.4   0.5   0.0177089
0.4   0.6   0.0252138
0.4   0.7   0.0286461
0.4   0.8   0.0302482
0.4   0.9   0.0309676
0.4   1   0.0312687
0.4   1.1   0.031384
0.4   1.2   0.0314239
0.4   1.3   0.0314363
0.4   1.4   0.0314398
0.4   1.5   0.0314407
0.4   1.6   0.0314409
0.4   1.7   0.031441
0.4   1.8   0.031441
0.4   1.9   0.031441
0.4   2   0.031441
0.4   2.1   0.031441
0.4   2.2   0.031441
0.4   2.3   0.031441
0.4   2.4   0.031441
0.4   2.5   0.031441
0.4   2.6   0.031441
0.4   2.7   0.031441
0.4   2.8   0.031441
0.4   2.9   0.031441
0.4   3   0.031441

0.5   0   0.185128
0.5   0.1   0.114833
0.5   0.2   0.063908
0.5   0.3   0.0311854
0.5   0.4   0.0122735
0.5   0.5   0.000739111
0.5   0.6   0.0182874
0.5   0.7   0.0287408
0.5   0.8   0.0342879
0.5   0.9   0.0373055
0.5   1   0.0389278
0.5   1.1   0.0397708
0.5   1.2   0.0401881
0.5   1.3   0.0403829
0.5   1.4   0.0404681
0.5   1.5   0.0405029
0.5   1.6   0.0405162
0.5   1.7   0.0405209
0.5   1.8   0.0405224
0.5   1.9   0.0405229
0.5   2   0.040523
0.5   2.1   0.0405231
0.5   2.2   0.0405231
0.5   2.3   0.0405231
0.5   2.4   0.0405231
0.5   2.5   0.0405231
0.5   2.6   0.0405231
0.5   2.7   0.0405231
0.5   2.8   0.0405231
0.5   2.9   0.0405231
0.5   3   0.0405231

0.6   0   0.249086
0.6   0.1   0.167158
0.6   0.2   0.104726
0.6   0.3   0.0610536
0.6   0.4   0.033986
0.6   0.5   0.01617
0.6   0.6   0.000289105
0.6   0.7   0.0170483
0.6   0.8   0.0295301
0.6   0.9   0.0369721
0.6   1   0.0414532
0.6   1.1   0.0441384
0.6   1.2   0.0457175
0.6   1.3   0.0466194
0.6   1.4   0.0471158
0.6   1.5   0.0473771
0.6   1.6   0.0475087
0.6   1.7   0.0475718
0.6   1.8   0.0476005
0.6   1.9   0.047613
0.6   2   0.0476181
0.6   2.1   0.0476201
0.6   2.2   0.0476208
0.6   2.3   0.0476211
0.6   2.4   0.0476212
0.6   2.5   0.0476212
0.6   2.6   0.0476212
0.6   2.7   0.0476212
0.6   2.8   0.0476212
0.6   2.9   0.0476212
0.6   3   0.0476212

0.7   0   0.316042
0.7   0.1   0.223806
0.7   0.2   0.151146
0.7   0.3   0.0975308
0.7   0.4   0.0616516
0.7   0.5   0.0398433
0.7   0.6   0.0206529
0.7   0.7   8.00858e-05
0.7   0.8   0.0148141
0.7   0.9   0.0281654
0.7   1   0.0369719
0.7   1.1   0.0427048
0.7   1.2   0.0464104
0.7   1.3   0.0487733
0.7   1.4   0.0502499
0.7   1.5   0.0511493
0.7   1.6   0.0516809
0.7   1.7   0.0519847
0.7   1.8   0.0521522
0.7   1.9   0.0522411
0.7   2   0.0522865
0.7   2.1   0.0523088
0.7   2.2   0.0523193
0.7   2.3   0.0523241
0.7   2.4   0.0523262
0.7   2.5   0.052327
0.7   2.6   0.0523274
0.7   2.7   0.0523275
0.7   2.8   0.0523276
0.7   2.9   0.0523276
0.7   3   0.0523276

0.8   0   0.383958
0.8   0.1   0.28266
0.8   0.2   0.200992
0.8   0.3   0.138538
0.8   0.4   0.0943863
0.8   0.5   0.0663519
0.8   0.6   0.048385
0.8   0.7   0.0240345
0.8   0.8   1.53449e-05
0.8   0.9   0.0122672
0.8   1   0.0254211
0.8   1.1   0.034923
0.8   1.2   0.0415263
0.8   1.3   0.0460516
0.8   1.4   0.0491119
0.8   1.5   0.0511476
0.8   1.6   0.0524752
0.8   1.7   0.0533213
0.8   1.8   0.0538468
0.8   1.9   0.0541643
0.8   2   0.0543505
0.8   2.1   0.0544564
0.8   2.2   0.0545148
0.8   2.3   0.054546
0.8   2.4   0.0545622
0.8   2.5   0.0545703
0.8   2.6   0.0545742
0.8   2.7   0.054576
0.8   2.8   0.0545769
0.8   2.9   0.0545773
0.8   3   0.0545774

0.9   0   0.451104
0.9   0.1   0.341899
0.9   0.2   0.252364
0.9   0.3   0.182154
0.9   0.4   0.130575
0.9   0.5   0.0961349
0.9   0.6   0.0752282
0.9   0.7   0.0580415
0.9   0.8   0.0242921
0.9   0.9   2.03208e-06
0.9   1   0.00983429
0.9   1.1   0.0220135
0.9   1.2   0.031562
0.9   1.3   0.038588
0.9   1.4   0.0436413
0.9   1.5   0.047219
0.9   1.6   0.0497127
0.9   1.7   0.0514211
0.9   1.8   0.0525694
0.9   1.9   0.0533252
0.9   2   0.0538115
0.9   2.1   0.0541169
0.9   2.2   0.054304
0.9   2.3   0.0544157
0.9   2.4   0.0544806
0.9   2.5   0.0545174
0.9   2.6   0.0545377
0.9   2.7   0.0545485
0.9   2.8   0.0545542
0.9   2.9   0.0545571
0.9   3   0.0545586

1   0   0.516059
1   0.1   0.40001
1   0.2   0.303661
1   0.3   0.226714
1   0.4   0.168608
1   0.5   0.128226
1   0.6   0.103133
1   0.7   0.0873492
1   0.8   0.065475
1   0.9   0.0207642
1   1   1.86715e-07
1   1.1   0.00771897
1   1.2   0.0184798
1   1.3   0.0275535
1   1.4   0.0345787
1   1.5   0.0398443
1   1.6   0.043715
1   1.7   0.046514
1   1.8   0.048504
1   1.9   0.0498962
1   2   0.0508519
1   2.1   0.0514954
1   2.2   0.0519198
1   2.3   0.0521938
1   2.4   0.0523669
1   2.5   0.0524738
1   2.6   0.0525383
1   2.7   0.0525763
1   2.8   0.0525983
1   2.9   0.0526106
1   3   0.0526174

1.1   0   0.577705
1.1   0.1   0.45578
1.1   0.2   0.353577
1.1   0.3   0.270832
1.1   0.4   0.207072
1.1   0.5   0.161404
1.1   0.6   0.132026
1.1   0.7   0.114899
1.1   0.8   0.100038
1.1   0.9   0.0657785
1.1   1   0.0153656
1.1   1.1   0
1.1   1.2   0.00597742
1.1   1.3   0.0151545
1.1   1.4   0.0234061
1.1   1.5   0.0300874
1.1   1.6   0.0352791
1.1   1.7   0.0392183
1.1   1.8   0.0421532
1.1   1.9   0.0443037
1.1   2   0.0458539
1.1   2.1   0.0469526
1.1   2.2   0.0477177
1.1   2.3   0.0482408
1.1   2.4   0.0485918
1.1   2.5   0.0488228
1.1   2.6   0.0489718
1.1   2.7   0.049066
1.1   2.8   0.0491244
1.1   2.9   0.0491598
1.1   3   0.0491809

1.2   0   0.635215
1.2   0.1   0.508284
1.2   0.2   0.401093
1.2   0.3   0.313403
1.2   0.4   0.244798
1.2   0.5   0.194535
1.2   0.6   0.161187
1.2   0.7   0.141781
1.2   0.8   0.129456
1.2   0.9   0.107888
1.2   1   0.0559269
1.2   1.1   0.0105781
1.2   1.2   3.50881e-08
1.2   1.3   0.00459058
1.2   1.4   0.0122133
1.2   1.5   0.0194574
1.2   1.6   0.02556
1.2   1.7   0.0304535
1.2   1.8   0.0342681
1.2   1.9   0.0371816
1.2   2   0.0393683
1.2   2.1   0.0409829
1.2   2.2   0.0421557
1.2   2.3   0.0429936
1.2   2.4   0.0435822
1.2   2.5   0.0439886
1.2   2.6   0.0442643
1.2   2.7   0.044448
1.2   2.8   0.0445682
1.2   2.9   0.0446454
1.2   3   0.0446941

1.3   0   0.688026
1.3   0.1   0.556867
1.3   0.2   0.44546
1.3   0.3   0.353588
1.3   0.4   0.280876
1.3   0.5   0.226681
1.3   0.6   0.189818
1.3   0.7   0.167949
1.3   0.8   0.156006
1.3   0.9   0.142162
1.3   1   0.103112
1.3   1.1   0.0404487
1.3   1.2   0.00722133
1.3   1.3   0
1.3   1.4   0.00350771
1.3   1.5   0.00971453
1.3   1.6   0.0158982
1.3   1.7   0.0212904
1.3   1.8   0.0257336
1.3   1.9   0.0292784
1.3   2   0.0320427
1.3   2.1   0.0341586
1.3   2.2   0.0357511
1.3   2.3   0.0369303
1.3   2.4   0.0377896
1.3   2.5   0.0384059
1.3   2.6   0.0388403
1.3   2.7   0.039142
1.3   2.8   0.0393479
1.3   2.9   0.0394861
1.3   3   0.0395773

1.4   0   0.735816
1.4   0.1   0.601113
1.4   0.2   0.486174
1.4   0.3   0.390795
1.4   0.4   0.314634
1.4   0.5   0.257116
1.4   0.6   0.217222
1.4   0.7   0.19302
1.4   0.8   0.180527
1.4   0.9   0.170821
1.4   1   0.144398
1.4   1.1   0.0824666
1.4   1.2   0.0271678
1.4   1.3   0.00501318
1.4   1.4   1.14104e-07
1.4   1.5   0.00267197
1.4   1.6   0.0076504
1.4   1.7   0.0128104
1.4   1.8   0.0174461
1.4   1.9   0.0213566
1.4   2   0.0245386
1.4   2.1   0.0270631
1.4   2.2   0.0290268
1.4   2.3   0.0305275
1.4   2.4   0.0316557
1.4   2.5   0.0324905
1.4   2.6   0.0330986
1.4   2.7   0.0335347
1.4   2.8   0.0338425
1.4   2.9   0.0340563
1.4   3   0.0342026

1.5   0   0.778465
1.5   0.1   0.640818
1.5   0.2   0.522944
1.5   0.3   0.42465
1.5   0.4   0.345617
1.5   0.5   0.285323
1.5   0.6   0.242864
1.5   0.7   0.216581
1.5   0.8   0.203189
1.5   0.9   0.195614
1.5   1   0.178155
1.5   1.1   0.126286
1.5   1.2   0.0567043
1.5   1.3   0.018326
1.5   1.4   0.00354546
1.5   1.5   2.49494e-08
1.5   1.6   0.00203146
1.5   1.7   0.00597695
1.5   1.8   0.0102048
1.5   1.9   0.0140995
1.5   2   0.0174513
1.5   2.1   0.0202242
1.5   2.2   0.0224563
1.5   2.3   0.0242151
1.5   2.4   0.0255757
1.5   2.5   0.0266106
1.5   2.6   0.0273853
1.5   2.7   0.0279563
1.5   2.8   0.0283708
1.5   2.9   0.028667
1.5   3   0.0288755

1.6   0   0.816027
1.6   0.1   0.675954
1.6   0.2   0.555662
1.6   0.3   0.454965
1.6   0.4   0.373564
1.6   0.5   0.310975
1.6   0.6   0.266376
1.6   0.7   0.238301
1.6   0.8   0.223934
1.6   0.9   0.217414
1.6   1   0.205884
1.6   1.1   0.165375
1.6   1.2   0.0915801
1.6   1.3   0.0375018
1.6   1.4   0.0126747
1.6   1.5   0.00254671
1.6   1.6   0
1.6   1.7   0.00154232
1.6   1.8   0.00463941
1.6   1.9   0.00805111
1.6   2   0.0112605
1.6   2.1   0.014069
1.6   2.2   0.0164244
1.6   2.3   0.0183428
1.6   2.4   0.0198701
1.6   2.5   0.0210627
1.6   2.6   0.0219781
1.6   2.7   0.0226692
1.6   2.8   0.0231831
1.6   2.9   0.0235592
1.6   3   0.0238306

1.7   0   0.848691
1.7   0.1   0.706636
1.7   0.2   0.584369
1.7   0.3   0.481709
1.7   0.4   0.398372
1.7   0.5   0.333902
1.7   0.6   0.287542
1.7   0.7   0.257961
1.7   0.8   0.24267
1.7   0.9   0.236636
1.7   1   0.229012
1.7   1.1   0.198072
1.7   1.2   0.127228
1.7   1.3   0.060263
1.7   1.4   0.0253921
1.7   1.5   0.0089578
1.7   1.6   0.00184931
1.7   1.7   0
1.7   1.8   0.00116959
1.7   1.9   0.00358164
1.7   2   0.00629878
1.7   2.1   0.00889996
1.7   2.2   0.0112072
1.7   2.3   0.0131637
1.7   2.4   0.014772
1.7   2.5   0.0160626
1.7   2.6   0.0170775
1.7   2.7   0.0178615
1.7   2.8   0.0184571
1.7   2.9   0.0189026
1.7   3   0.0192306

1.8   0   0.876747
1.8   0.1   0.733088
1.8   0.2   0.609221
1.8   0.3   0.504971
1.8   0.4   0.420066
1.8   0.5   0.354071
1.8   0.6   0.306276
1.8   0.7   0.275452
1.8   0.8   0.259345
1.8   0.9   0.253499
1.8   1   0.248494
1.8   1.1   0.224897
1.8   1.2   0.160286
1.8   1.3   0.0845168
1.8   1.4   0.0400522
1.8   1.5   0.0176746
1.8   1.6   0.00643016
1.8   1.7   0.00135389
1.8   1.8   3.16463e-09
1.8   1.9   0.000885352
1.8   2   0.00275094
1.8   2.1   0.00489076
1.8   2.2   0.00696774
1.8   2.3   0.00883014
1.8   2.4   0.0104232
1.8   2.5   0.0117418
1.8   2.6   0.0128061
1.8   2.7   0.0136471
1.8   2.8   0.0142996
1.8   2.9   0.0147972
1.8   3   0.0151707

1.9   0   0.90056
1.9   0.1   0.755613
1.9   0.2   0.630461
1.9   0.3   0.524935
1.9   0.4   0.43877
1.9   0.5   0.37155
1.9   0.6   0.322599
1.9   0.7   0.290765
1.9   0.8   0.273966
1.9   0.9   0.268161
1.9   1   0.264951
1.9   1.1   0.246829
1.9   1.2   0.189133
1.9   1.3   0.108485
1.9   1.4   0.0553534
1.9   1.5   0.0274879
1.9   1.6   0.0125495
1.9   1.7   0.00466537
1.9   1.8   0.000997002
1.9   1.9   1.39175e-08
1.9   2   0.000669018
1.9   2.1   0.00210274
1.9   2.2   0.0037708
1.9   2.3   0.00540745
1.9   2.4   0.00688744
1.9   2.5   0.00816137
1.9   2.6   0.00922103
1.9   2.7   0.0100796
1.9   2.8   0.01076
1.9   2.9   0.0112892
1.9   3   0.0116935

2   0   0.920537
2   0.1   0.774564
2   0.2   0.64839
2   0.3   0.541848
2   0.4   0.454681
2   0.5   0.386485
2   0.6   0.336612
2   0.7   0.303968
2   0.8   0.286599
2   0.9   0.280768
2   1   0.278818
2   1.1   0.264759
2   1.2   0.213426
2   1.3   0.130858
2   1.4   0.0703203
2   1.5   0.0375067
2   1.6   0.0193244
2   1.7   0.00903091
2   1.8   0.00341001
2   1.9   0.000736768
2   2   2.70662e-08
2   2.1   0.00050451
2   2.2   0.00159969
2   2.3   0.00288764
2   2.4   0.00416187
2   2.5   0.005321
2   2.6   0.00632313
2   2.7   0.00715922
2   2.8   0.00783794
2   2.9   0.00837658
2   3   0.0087957

2.1   0   0.937104
2.1   0.1   0.790322
2.1   0.2   0.663342
2.1   0.3   0.556
2.1   0.4   0.468042
2.1   0.5   0.399076
2.1   0.6   0.348476
2.1   0.7   0.31519
2.1   0.8   0.297361
2.1   0.9   0.29148
2.1   1   0.290434
2.1   1.1   0.279403
2.1   1.2   0.233461
2.1   1.3   0.150844
2.1   1.4   0.0842781
2.1   1.5   0.0471144
2.1   1.6   0.0261333
2.1   1.7   0.0138033
2.1   1.8   0.00655699
2.1   1.9   0.00250414
2.1   2   0.000545727
2.1   2.1   2.11353e-08
2.1   2.2   0.00037903
2.1   2.3   0.00121109
2.1   2.4   0.00219652
2.1   2.5   0.00317739
2.1   2.6   0.00407317
2.1   2.7   0.00484946
2.1   2.8   0.00549797
2.1   2.9   0.00602463
2.1   3   0.00644244

2.2   0   0.95069
2.2   0.1   0.803276
2.2   0.2   0.675666
2.2   0.3   0.567697
2.2   0.4   0.47912
2.2   0.5   0.409554
2.2   0.6   0.358384
2.2   0.7   0.324596
2.2   0.8   0.306405
2.2   0.9   0.300469
2.2   1   0.300086
2.2   1.1   0.291324
2.2   1.2   0.249766
2.2   1.3   0.168102
2.2   1.4   0.0968155
2.2   1.5   0.0559213
2.2   1.6   0.0325683
2.2   1.7   0.0185426
2.2   1.8   0.00996191
2.2   1.9   0.00478799
2.2   2   0.00184428
2.2   2.1   0.000404243
2.2   2.2   6.39936e-08
2.2   2.3   0.000284812
2.2   2.4   0.00091239
2.2   2.5   0.00166056
2.2   2.6   0.00240652
2.2   2.7   0.00308999
2.2   2.8   0.00368277
2.2   2.9   0.00417782
2.2   3   0.00457941

2.3   0   0.961708
2.3   0.1   0.813804
2.3   0.2   0.685705
2.3   0.3   0.577251
2.3   0.4   0.488196
2.3   0.5   0.418163
2.3   0.6   0.366554
2.3   0.7   0.332376
2.3   0.8   0.313903
2.3   0.9   0.30792
2.3   1   0.308029
2.3   1.1   0.300978
2.3   1.2   0.262906
2.3   1.3   0.182618
2.3   1.4   0.107736
2.3   1.5   0.063715
2.3   1.6   0.0383891
2.3   1.7   0.0229733
2.3   1.8   0.013311
2.3   1.9   0.00723689
2.3   2   0.00350758
2.3   2.1   0.00135916
2.3   2.2   0.000299202
2.3   2.3   1.64485e-08
2.3   2.4   0.000211972
2.3   2.5   0.000682479
2.3   2.6   0.00124522
2.3   2.7   0.00180807
2.3   2.8   0.00232334
2.3   2.9   0.00276983
2.3   3   0.00314209

2.4   0   0.970547
2.4   0.1   0.822266
2.4   0.2   0.693792
2.4   0.3   0.584965
2.4   0.4   0.495543
2.4   0.5   0.425153
2.4   0.6   0.373205
2.4   0.7   0.338729
2.4   0.8   0.32004
2.4   0.9   0.314019
2.4   1   0.3145
2.4   1.1   0.308743
2.4   1.2   0.273404
2.4   1.3   0.194574
2.4   1.4   0.117005
2.4   1.5   0.070419
2.4   1.6   0.043479
2.4   1.7   0.0269403
2.4   1.8   0.0164131
2.4   1.9   0.00962509
2.4   2   0.00527695
2.4   2.1   0.00257293
2.4   2.2   0.00100121
2.4   2.3   0.000221075
2.4   2.4   3.6963e-08
2.4   2.5   0.000157513
2.4   2.6   0.000507893
2.4   2.7   0.000927535
2.4   2.8   0.00134747
2.4   2.9   0.00173131
2.4   3   0.00206339

2.5   0   0.97756
2.5   0.1   0.828993
2.5   0.2   0.700233
2.5   0.3   0.591123
2.5   0.4   0.501421
2.5   0.5   0.430759
2.5   0.6   0.378555
2.5   0.7   0.343853
2.5   0.8   0.325
2.5   0.9   0.318952
2.5   1   0.319714
2.5   1.1   0.31494
2.5   1.2   0.281721
2.5   1.3   0.204251
2.5   1.4   0.124699
2.5   1.5   0.0760481
2.5   1.6   0.0478092
2.5   1.7   0.0303763
2.5   1.8   0.0191666
2.5   1.9   0.011819
2.5   2   0.00698872
2.5   2.1   0.0038539
2.5   2.2   0.00188683
2.5   2.3   0.000736947
2.5   2.4   0.000163009
2.5   2.5   2.16092e-07
2.5   2.6   0.000116375
2.5   2.7   0.000375515
2.5   2.8   0.00068597
2.5   2.9   0.00099597
2.5   3   0.00127868

2.6   0   0.983065
2.6   0.1   0.834282
2.6   0.2   0.705308
2.6   0.3   0.595984
2.6   0.4   0.506071
2.6   0.5   0.435204
2.6   0.6   0.382807
2.6   0.7   0.347935
2.6   0.8   0.328961
2.6   0.9   0.322894
2.6   1   0.323871
2.6   1.1   0.319841
2.6   1.2   0.288255
2.6   1.3   0.211965
2.6   1.4   0.130962
2.6   1.5   0.080677
2.6   1.6   0.0514086
2.6   1.7   0.0332735
2.6   1.8   0.0215317
2.6   1.9   0.0137508
2.6   2   0.008549
2.6   2.1   0.00508364
2.6   2.2   0.00281418
2.6   2.3   0.00138137
2.6   2.4   0.000539962
2.6   2.5   0.000119542
2.6   2.6   4.79192e-07
2.6   2.7   8.55117e-05
2.6   2.8   0.000275826
2.6   2.9   0.000503359
2.6   3   0.000730023

2.7   0   0.987341
2.7   0.1   0.838397
2.7   0.2   0.709261
2.7   0.3   0.599778
2.7   0.4   0.509708
2.7   0.5   0.438688
2.7   0.6   0.386147
2.7   0.7   0.351149
2.7   0.8   0.332084
2.7   0.9   0.326006
2.7   1   0.327147
2.7   1.1   0.323681
2.7   1.2   0.293342
2.7   1.3   0.218033
2.7   1.4   0.135972
2.7   1.5   0.0844132
2.7   1.6   0.0543408
2.7   1.7   0.0356615
2.7   1.8   0.0235102
2.7   1.9   0.0153973
2.7   2   0.00991234
2.7   2.1   0.00619599
2.7   2.2   0.00369766
2.7   2.3   0.00205171
2.7   2.4   0.00100855
2.7   2.5   0.000394386
2.7   2.6   8.73607e-05
2.7   2.7   5.74167e-07
2.7   2.8   6.24174e-05
2.7   2.9   0.00020114
2.7   3   0.000366473

2.8   0   0.990628
2.8   0.1   0.841563
2.8   0.2   0.712309
2.8   0.3   0.602707
2.8   0.4   0.512521
2.8   0.5   0.441388
2.8   0.6   0.388741
2.8   0.7   0.353673
2.8   0.8   0.33452
2.8   0.9   0.328434
2.8   1   0.329701
2.8   1.1   0.32666
2.8   1.2   0.297267
2.8   1.3   0.222747
2.8   1.4   0.139916
2.8   1.5   0.087377
2.8   1.6   0.0566869
2.8   1.7   0.037591
2.8   1.8   0.0251282
2.8   1.9   0.016764
2.8   2   0.0110655
2.8   2.1   0.00716049
2.8   2.2   0.00449077
2.8   2.3   0.00268545
2.8   2.4   0.00149168
2.8   2.5   0.000733687
2.8   2.6   0.000286798
2.8   2.7   6.34967e-05
2.8   2.8   4.97021e-10
2.8   2.9   4.55024e-05
2.8   3   0.000145585

2.9   0   0.993127
2.9   0.1   0.843975
2.9   0.2   0.714633
2.9   0.3   0.604944
2.9   0.4   0.514673
2.9   0.5   0.443457
2.9   0.6   0.390732
2.9   0.7   0.355574
2.9   0.8   0.336396
2.9   0.9   0.330307
2.9   1   0.331669
2.9   1.1   0.328947
2.9   1.2   0.300266
2.9   1.3   0.226365
2.9   1.4   0.142977
2.9   1.5   0.0896937
2.9   1.6   0.0585337
2.9   1.7   0.039123
2.9   1.8   0.0264257
2.9   1.9   0.0178732
2.9   2   0.0120154
2.9   2.1   0.00797009
2.9   2.2   0.00517315
2.9   2.3   0.00324991
2.9   2.4   0.00194488
2.9   2.5   0.0010805
2.9   2.6   0.000530828
2.9   2.7   0.000207475
2.9   2.8   4.54303e-05
2.9   2.9   9.04291e-08
2.9   3   3.2628e-05

3   0   0.995007
3   0.1   0.845792
3   0.2   0.716386
3   0.3   0.606634
3   0.4   0.516301
3   0.5   0.445025
3   0.6   0.392244
3   0.7   0.357037
3   0.8   0.337826
3   0.9   0.331736
3   1   0.33317
3   1.1   0.330688
3   1.2   0.302536
3   1.3   0.229111
3   1.4   0.14532
3   1.5   0.0914785
3   1.6   0.0599658
3   1.7   0.0403198
3   1.8   0.0274478
3   1.9   0.018756
3   2   0.0127805
3   2.1   0.00863187
3   2.2   0.0057415
3   2.3   0.0037318
3   2.4   0.00234535
3   2.5   0.00140325
3   2.6   0.000778582
3   2.7   0.000382212
3   2.8   0.000149178
3   2.9   3.2959e-05
3   3   3.55186e-07

