#time          Q              r            MSE
0   1e-09   1e-09   0.516059
0.00025   0.000129   0.000170652   0.515955
0.0005   0.000257966   0.00034126   0.515851
0.00075   0.0003869   0.000511826   0.515747
0.001   0.000515802   0.000682349   0.515643
0.00225   0.00115983   0.00153433   0.515123
0.0035   0.00180305   0.00238524   0.514605
0.00475   0.00244547   0.00323509   0.514087
0.006   0.00308708   0.00408387   0.51357
0.01225   0.00628316   0.00831193   0.510993
0.0185   0.00945932   0.0125136   0.508432
0.02475   0.0126157   0.0166892   0.505887
0.031   0.0157524   0.0208387   0.503358
0.06225   0.0311452   0.0412017   0.490948
0.0935   0.0460644   0.0609382   0.478919
0.12475   0.0605246   0.0800675   0.467259
0.156   0.0745404   0.0986086   0.455953
0.217842   0.101024   0.133641   0.434544
0.279683   0.125948   0.166595   0.414299
0.341525   0.149439   0.197624   0.395107
0.403367   0.171623   0.226874   0.376887
0.466341   0.192995   0.254979   0.359273
0.529314   0.213252   0.28152   0.342555
0.592288   0.232497   0.30662   0.326686
0.655262   0.25082   0.330391   0.311625
0.724368   0.269963   0.355064   0.295974
0.793474   0.288187   0.378373   0.281192
0.86258   0.305572   0.400425   0.267226
0.931686   0.322191   0.421314   0.25403
1.00701   0.339505   0.44286   0.240466
1.08234   0.356051   0.463224   0.227706
1.15767   0.371892   0.482496   0.215697
1.233   0.387082   0.500755   0.20439
1.31451   0.40284   0.519455   0.192895
1.39601   0.417944   0.537138   0.182115
1.47751   0.432444   0.553879   0.172001
1.55902   0.446381   0.569744   0.162507
1.64696   0.460831   0.585953   0.15291
1.7349   0.474711   0.601284   0.143937
1.82284   0.48806   0.615802   0.135543
1.91079   0.500912   0.629564   0.127686
2.00559   0.514243   0.643613   0.119775
2.10039   0.527065   0.656904   0.1124
2.19519   0.539411   0.669491   0.105522
2.28999   0.551307   0.681424   0.0991041
2.39218   0.563656   0.693607   0.0926614
2.49436   0.575542   0.705133   0.0866748
2.59655   0.586992   0.716049   0.0811092
2.69874   0.59803   0.726399   0.0759318
2.80893   0.609496   0.73697   0.0707496
2.91913   0.620535   0.746972   0.0659508
3.02932   0.63117   0.756445   0.0615046
3.13952   0.641421   0.765427   0.0573826
3.25845   0.652078   0.774608   0.0532682
3.37737   0.662334   0.783295   0.0494723
3.49629   0.672212   0.791523   0.0459683
3.61522   0.68173   0.799324   0.0427318
3.7437   0.691631   0.807307   0.0395101
3.87219   0.701154   0.814859   0.0365497
4.00067   0.71032   0.822012   0.033828
4.12915   0.719146   0.828794   0.0313241
4.26815   0.728331   0.835743   0.0288386
4.40715   0.737158   0.842317   0.0265646
4.54615   0.745646   0.848542   0.0244832
4.68515   0.75381   0.854445   0.0225765
4.83578   0.762311   0.860501   0.0206892
4.9864   0.770471   0.86623   0.0189708
5.13702   0.778307   0.871654   0.0174053
5.28764   0.785834   0.876796   0.015978
5.45117   0.793676   0.88208   0.0145693
5.61471   0.801191   0.887077   0.0132934
5.77824   0.808396   0.891807   0.0121369
5.94177   0.815306   0.896288   0.0110879
6.1197   0.822508   0.900902   0.0100558
6.29764   0.829396   0.905262   0.0091261
6.47558   0.835986   0.909387   0.00828824
6.65351   0.842295   0.913293   0.00753235
6.8476   0.848873   0.917321   0.00679102
7.04169   0.855149   0.921125   0.00612738
7.23578   0.86114   0.924719   0.00553292
7.42987   0.866861   0.928119   0.00499981
7.64217   0.872827   0.931632   0.00447874
7.85446   0.878504   0.934944   0.00401537
8.06675   0.883908   0.938069   0.00360309
8.27904   0.889054   0.941021   0.00323573
8.51193   0.894419   0.944075   0.00287797
8.74482   0.899508   0.946949   0.00256213
8.97772   0.904336   0.949656   0.00228318
9.21061   0.908918   0.952208   0.00203637
9.46061   0.91358   0.954787   0.00180248
9.71061   0.91799   0.957212   0.00159697
9.96061   0.922164   0.959493   0.00141634
10.2106   0.926115   0.96164   0.00125727
10.4606   0.929857   0.963664   0.00111684
10.7106   0.933402   0.965571   0.000992922
10.9606   0.93676   0.96737   0.00088355
11.2106   0.939942   0.969068   0.000786838
11.4606   0.942958   0.970671   0.000701129
11.7106   0.945818   0.972186   0.000625209
11.9606   0.948529   0.973617   0.000557948
12.2106   0.951101   0.97497   0.000498257
12.4606   0.953541   0.97625   0.000445176
12.7106   0.955855   0.977461   0.000397996
12.9606   0.958051   0.978607   0.000356058
13.2106   0.960135   0.979691   0.000318723
13.4606   0.962113   0.980719   0.00028542
13.7106   0.963991   0.981692   0.000255732
13.9606   0.965774   0.982614   0.000229266
14.2106   0.967466   0.983488   0.000205638
14.4606   0.969074   0.984316   0.000184508
14.7106   0.9706   0.985101   0.000165622
14.9606   0.97205   0.985846   0.000148744
15.2106   0.973427   0.986553   0.00013364
15.4606   0.974735   0.987223   0.000120102
15.7106   0.975978   0.987858   0.000107976
15.9606   0.977159   0.988462   9.71151e-05
16.2106   0.978281   0.989034   8.73767e-05
16.4606   0.979347   0.989578   7.8631e-05
16.7106   0.98036   0.990094   7.07825e-05
16.9606   0.981323   0.990584   6.37407e-05
17.2106   0.982239   0.991049   5.74157e-05
17.4606   0.983108   0.991491   5.17263e-05
17.7106   0.983935   0.991911   4.66126e-05
17.9606   0.984721   0.992309   4.20176e-05
18.2106   0.985469   0.992688   3.78845e-05
18.4606   0.986179   0.993047   3.41617e-05
18.7106   0.986854   0.993389   3.08112e-05
18.9606   0.987496   0.993714   2.77968e-05
19.2106   0.988107   0.994023   2.50823e-05
19.4606   0.988687   0.994316   2.26344e-05
19.7106   0.989239   0.994594   2.04291e-05
19.9606   0.989764   0.994859   1.84429e-05
20.2106   0.990263   0.995111   1.66525e-05
20.4606   0.990738   0.99535   1.50365e-05
20.7106   0.991189   0.995578   1.35793e-05
20.9606   0.991619   0.995794   1.22658e-05
21.2106   0.992027   0.996   1.10809e-05
21.4606   0.992415   0.996195   1.00106e-05
21.7106   0.992784   0.996381   9.04474e-06
21.9606   0.993136   0.996558   8.17355e-06
22.2106   0.99347   0.996726   7.38709e-06
22.4606   0.993787   0.996885   6.67623e-06
22.7106   0.99409   0.997037   6.03445e-06
22.9606   0.994377   0.997182   5.4552e-06
23.2106   0.994651   0.997319   4.93197e-06
23.4606   0.994911   0.99745   4.45888e-06
23.7106   0.995158   0.997574   4.03151e-06
23.9606   0.995394   0.997692   3.64557e-06
24.2106   0.995617   0.997805   3.29686e-06
24.4606   0.99583   0.997911   2.98148e-06
24.7106   0.996033   0.998013   2.69638e-06
24.9606   0.996226   0.99811   2.43884e-06
25.2106   0.996409   0.998202   2.20606e-06
25.4606   0.996583   0.998289   1.99545e-06
25.7106   0.996749   0.998372   1.80505e-06
25.9606   0.996907   0.998452   1.63297e-06
26.2106   0.997057   0.998527   1.47722e-06
26.4606   0.9972   0.998598   1.33639e-06
26.7106   0.997336   0.998667   1.20923e-06
26.9606   0.997466   0.998731   1.09395e-06
27.2106   0.997589   0.998793   9.89975e-07
27.4606   0.997706   0.998852   8.95712e-07
27.7106   0.997817   0.998907   8.10527e-07
27.9606   0.997923   0.998961   7.33608e-07
28.2106   0.998024   0.999011   6.6388e-07
28.4606   0.99812   0.999059   6.00802e-07
28.7106   0.998211   0.999105   5.43578e-07
28.9606   0.998298   0.999148   4.91995e-07
29.2106   0.99838   0.99919   4.45407e-07
29.4606   0.998459   0.999229   4.02575e-07
29.7106   0.998534   0.999266   3.64328e-07
29.9606   0.998605   0.999302   3.30292e-07
30.2106   0.998673   0.999336   2.98673e-07
30.4606   0.998737   0.999368   2.70386e-07
30.7106   0.998798   0.999399   2.44754e-07
30.9606   0.998856   0.999428   2.21701e-07
31.2106   0.998912   0.999456   2.00517e-07
31.4606   0.998965   0.999482   1.80914e-07
31.7106   0.999015   0.999507   1.64012e-07
31.9606   0.999063   0.999531   1.49041e-07
32.2106   0.999108   0.999554   1.35063e-07
32.4606   0.999151   0.999576   1.20751e-07
32.7106   0.999193   0.999596   1.10298e-07
32.9606   0.999232   0.999616   1.00569e-07
33.2106   0.999269   0.999634   9.00835e-08
33.4606   0.999304   0.999652   8.32434e-08
33.7106   0.999338   0.999669   7.42012e-08
33.9606   0.99937   0.999685   6.70842e-08
34.2106   0.999401   0.9997   6.00496e-08
34.4606   0.99943   0.999715   5.51154e-08
34.7106   0.999457   0.999729   5.09461e-08
34.9606   0.999484   0.999742   4.67298e-08
35.2106   0.999509   0.999754   3.52106e-08
35.4606   0.999533   0.999766   3.57081e-08
35.7106   0.999555   0.999778   3.05666e-08
35.9606   0.999577   0.999788   2.72858e-08
36.2106   0.999597   0.999799   2.78147e-08
36.2392   0.9996   0.9998   2.84179e-08
36.2679   0.999602   0.999801   2.26327e-08
36.2965   0.999604   0.999802   3.28381e-08
36.3252   0.999606   0.999803   2.58806e-08
36.3538   0.999609   0.999804   2.52675e-08
36.3824   0.999611   0.999805   2.08127e-08
36.4111   0.999613   0.999807   2.67651e-08
36.4397   0.999615   0.999808   1.95981e-08
36.5829   0.999626   0.999813   2.52766e-08
36.7261   0.999637   0.999818   1.46529e-08
36.8693   0.999647   0.999823   1.87936e-08
37.0125   0.999657   0.999828   1.90716e-08
37.2625   0.999673   0.999837   1.91163e-08
37.5125   0.999689   0.999845   1.88781e-08
37.7625   0.999704   0.999852   1.36481e-08
38.0125   0.999719   0.999859   1.04946e-08
38.2625   0.999732   0.999866   1.25071e-08
38.5125   0.999745   0.999873   9.13994e-09
38.7625   0.999758   0.999879   2.60199e-08
39.0125   0.999769   0.999885   2.67e-08
39.0411   0.999771   0.999885   2.41716e-08
39.0698   0.999772   0.999886   2.42978e-10
39.0984   0.999773   0.999887   1.29731e-08
39.127   0.999775   0.999887   5.9836e-09
39.1557   0.999776   0.999888   2.96946e-09
39.1843   0.999777   0.999889   9.19928e-09
39.2129   0.999778   0.999889   1.07177e-08
39.2416   0.99978   0.99989   1.80646e-08
39.3848   0.999786   0.999893   -7.4534e-09
39.528   0.999792   0.999896   1.5289e-08
39.6712   0.999798   0.999899   1.87592e-08
39.8144   0.999803   0.999902   1.94975e-08
40.0644   0.999813   0.999906   3.00742e-08
40.3144   0.999822   0.999911   1.11535e-08
40.5644   0.999831   0.999915   1.14569e-08
40.8144   0.999839   0.999919   2.08144e-08
41.0644   0.999847   0.999923   7.76474e-09
41.3144   0.999854   0.999927   6.09281e-09
41.5644   0.999861   0.999931   -1.17299e-09
41.8144   0.999868   0.999934   2.47688e-08
42.0644   0.999874   0.999937   7.49571e-09
42.3144   0.99988   0.99994   2.48326e-08
42.5644   0.999886   0.999943   4.00518e-09
42.8144   0.999892   0.999946   1.08919e-08
43.0644   0.999897   0.999948   7.11805e-09
43.3144   0.999902   0.999951   1.91308e-08
43.5644   0.999907   0.999953   -2.32685e-08
43.8144   0.999911   0.999956   4.38742e-09
43.8215   0.999911   0.999956   5.80174e-09
43.8287   0.999911   0.999956   -1.46047e-08
43.8358   0.999912   0.999956   -7.65574e-09
43.843   0.999912   0.999956   4.97641e-09
43.8502   0.999912   0.999956   1.05071e-08
43.8573   0.999912   0.999956   1.72301e-08
43.8645   0.999912   0.999956   1.85026e-08
43.8716   0.999912   0.999956   2.86226e-08
43.8772   0.999912   0.999956   -2.63838e-08
43.8827   0.999912   0.999956   3.30091e-08
43.8882   0.999912   0.999956   -1.35425e-08
43.8937   0.999913   0.999956   2.14647e-08
43.8993   0.999913   0.999956   6.4181e-10
43.9048   0.999913   0.999956   -2.0784e-08
43.9103   0.999913   0.999956   1.10717e-08
43.9158   0.999913   0.999956   -3.82268e-09
43.9435   0.999913   0.999957   -3.684e-08
43.9711   0.999914   0.999957   1.82796e-08
43.9987   0.999914   0.999957   5.93118e-09
44.0264   0.999915   0.999957   2.97483e-09
44.0435   0.999915   0.999958   1.88068e-08
44.0606   0.999915   0.999958   1.01813e-08
44.0777   0.999916   0.999958   2.91366e-08
44.0948   0.999916   0.999958   -3.80031e-09
44.1119   0.999916   0.999958   -2.36672e-08
44.129   0.999917   0.999958   -7.01561e-09
44.1461   0.999917   0.999958   -1.74879e-08
44.1632   0.999917   0.999959   -4.52503e-09
44.2487   0.999919   0.999959   -8.36951e-09
44.3343   0.99992   0.99996   1.5731e-08
44.4198   0.999921   0.999961   1.4467e-08
44.5053   0.999923   0.999961   5.36351e-10
44.7553   0.999926   0.999963   2.09878e-08
45.0053   0.99993   0.999965   9.71983e-09
45.2553   0.999933   0.999967   6.29113e-09
45.5053   0.999937   0.999968   -2.20914e-09
45.7553   0.99994   0.99997   -4.83132e-09
46.0053   0.999943   0.999971   1.75773e-08
46.2553   0.999945   0.999973   1.75629e-08
46.5053   0.999948   0.999974   5.05496e-09
46.7553   0.999951   0.999975   1.56695e-08
47.0053   0.999953   0.999976   2.04118e-09
47.2553   0.999955   0.999978   1.06243e-10
47.5053   0.999957   0.999979   -6.59721e-09
47.5196   0.999958   0.999979   1.23363e-08
47.534   0.999958   0.999979   1.3709e-08
47.5483   0.999958   0.999979   -2.19973e-09
47.5626   0.999958   0.999979   1.60754e-09
47.5769   0.999958   0.999979   1.40462e-08
47.5912   0.999958   0.999979   1.30905e-08
47.6056   0.999958   0.999979   -3.74818e-11
47.6199   0.999958   0.999979   1.41663e-08
47.6915   0.999959   0.999979   7.26648e-09
47.7631   0.99996   0.99998   5.31531e-09
47.8347   0.99996   0.99998   1.21063e-08
47.9063   0.999961   0.99998   -4.27016e-09
47.9349   0.999961   0.99998   8.85728e-09
47.9635   0.999961   0.999981   -9.17271e-09
47.9922   0.999961   0.999981   1.64222e-09
48.0208   0.999962   0.999981   2.76381e-08
48.0495   0.999962   0.999981   -2.38064e-09
48.0781   0.999962   0.999981   1.44681e-08
48.1067   0.999962   0.999981   1.26764e-08
48.1354   0.999962   0.999981   1.35694e-08
48.153   0.999963   0.999981   -2.66042e-09
48.1707   0.999963   0.999981   -6.21929e-09
48.1883   0.999963   0.999981   3.21058e-09
48.2059   0.999963   0.999981   1.89583e-08
48.2236   0.999963   0.999982   -2.70869e-09
48.2412   0.999963   0.999982   4.73861e-09
48.2589   0.999963   0.999982   1.4382e-08
48.2765   0.999963   0.999982   -9.87618e-10
48.2823   0.999963   0.999982   1.14535e-08
48.2882   0.999964   0.999982   4.79134e-09
48.294   0.999964   0.999982   7.45018e-09
48.2999   0.999964   0.999982   3.4649e-09
48.3057   0.999964   0.999982   1.32841e-08
48.3115   0.999964   0.999982   -3.76951e-09
48.3174   0.999964   0.999982   6.41193e-09
48.3232   0.999964   0.999982   2.98229e-09
48.3524   0.999964   0.999982   1.82505e-08
48.3816   0.999964   0.999982   -6.64878e-09
48.4108   0.999964   0.999982   -9.0428e-09
48.44   0.999965   0.999982   -1.25604e-08
48.4579   0.999965   0.999982   -2.22636e-09
48.4759   0.999965   0.999982   2.99644e-09
48.4938   0.999965   0.999982   8.27368e-09
48.5117   0.999965   0.999983   4.21249e-08
48.5297   0.999965   0.999983   1.57778e-08
48.5476   0.999965   0.999983   -1.81343e-09
48.5655   0.999965   0.999983   9.60857e-09
48.5835   0.999966   0.999983   4.30606e-09
48.5945   0.999966   0.999983   5.37297e-09
48.6054   0.999966   0.999983   -9.75744e-09
48.6164   0.999966   0.999983   1.87199e-08
48.6274   0.999966   0.999983   5.27048e-09
48.6384   0.999966   0.999983   2.74758e-09
48.6494   0.999966   0.999983   -8.05921e-09
48.6603   0.999966   0.999983   5.37656e-09
48.6713   0.999966   0.999983   1.38063e-08
48.6792   0.999966   0.999983   7.75442e-09
48.687   0.999966   0.999983   2.15878e-09
48.6949   0.999966   0.999983   1.01562e-08
48.7027   0.999966   0.999983   3.62949e-09
48.7106   0.999966   0.999983   9.05553e-09
48.7185   0.999967   0.999983   6.94858e-09
48.7263   0.999967   0.999983   9.38834e-09
48.7342   0.999967   0.999983   -1.17049e-08
48.7401   0.999967   0.999983   5.99138e-10
48.7461   0.999967   0.999983   -6.87014e-09
48.7521   0.999967   0.999983   2.05111e-08
48.758   0.999967   0.999983   -2.10374e-10
48.764   0.999967   0.999983   -7.62209e-09
48.77   0.999967   0.999983   5.45199e-09
48.7759   0.999967   0.999983   -1.62549e-08
48.7819   0.999967   0.999983   9.53468e-09
48.8117   0.999967   0.999984   -3.64309e-09
48.8416   0.999967   0.999984   -2.45658e-09
48.8714   0.999968   0.999984   6.65325e-09
48.9012   0.999968   0.999984   -7.02313e-09
48.9103   0.999968   0.999984   4.1287e-09
48.9195   0.999968   0.999984   8.17261e-09
48.9286   0.999968   0.999984   2.59161e-09
48.9378   0.999968   0.999984   1.91407e-09
48.9469   0.999968   0.999984   -1.52588e-09
48.956   0.999968   0.999984   -1.50709e-08
48.9652   0.999968   0.999984   1.44563e-08
48.9743   0.999968   0.999984   -3.16557e-09
49.02   0.999968   0.999984   -1.34326e-08
49.0656   0.999969   0.999984   1.46258e-09
49.1113   0.999969   0.999985   1.29252e-09
49.157   0.999969   0.999985   1.33814e-08
49.3853   0.999971   0.999985   9.02201e-09
49.6137   0.999972   0.999986   7.32791e-09
49.842   0.999973   0.999987   8.70113e-09
50.0704   0.999974   0.999987   2.13814e-08
50.0847   0.999974   0.999987   6.07053e-09
50.099   0.999975   0.999987   1.68615e-09
50.1133   0.999975   0.999987   1.31293e-08
50.1277   0.999975   0.999987   1.27397e-08
50.142   0.999975   0.999987   1.21012e-08
50.1563   0.999975   0.999987   8.90838e-09
50.1706   0.999975   0.999987   1.70583e-09
50.1849   0.999975   0.999987   1.6302e-08
50.2565   0.999975   0.999988   -5.51293e-09
50.3281   0.999976   0.999988   -9.55699e-09
50.3997   0.999976   0.999988   1.6026e-08
50.4713   0.999976   0.999988   1.38274e-08
50.7213   0.999978   0.999989   1.92934e-08
50.9713   0.999979   0.999989   1.04632e-08
51.2213   0.99998   0.99999   1.68066e-08
51.4713   0.999981   0.99999   -7.75883e-10
51.5   0.999981   0.99999   5.01975e-09
51.5286   0.999981   0.99999   9.56978e-09
51.5573   0.999981   0.99999   1.13163e-08
51.5859   0.999981   0.999991   1.43707e-08
51.6145   0.999981   0.999991   4.43383e-09
51.6432   0.999981   0.999991   6.45523e-09
51.6718   0.999981   0.999991   5.90633e-09
51.7004   0.999982   0.999991   2.13221e-08
51.7158   0.999982   0.999991   -4.98017e-09
51.7311   0.999982   0.999991   2.13497e-09
51.7465   0.999982   0.999991   -2.6057e-09
51.7618   0.999982   0.999991   7.79123e-09
51.7771   0.999982   0.999991   -8.30755e-09
51.7925   0.999982   0.999991   2.11946e-09
51.8078   0.999982   0.999991   -2.70946e-09
51.8232   0.999982   0.999991   -4.9719e-09
51.8999   0.999982   0.999991   1.3126e-08
51.9765   0.999982   0.999991   1.18771e-08
52.0532   0.999983   0.999991   2.11806e-08
52.1299   0.999983   0.999992   1.44109e-08
52.1586   0.999983   0.999992   1.83216e-08
52.1872   0.999983   0.999992   2.53404e-08
52.2159   0.999983   0.999992   2.70837e-08
52.2445   0.999983   0.999992   6.71555e-09
52.2731   0.999983   0.999992   8.71774e-09
52.3018   0.999984   0.999992   -1.48658e-08
52.3304   0.999984   0.999992   1.76172e-08
52.359   0.999984   0.999992   -4.477e-09
52.3751   0.999984   0.999992   -1.77931e-08
52.3912   0.999984   0.999992   3.31997e-08
52.4073   0.999984   0.999992   6.73423e-10
52.4234   0.999984   0.999992   2.03431e-08
52.4263   0.999984   0.999992   -3.43024e-09
52.4292   0.999984   0.999992   3.37542e-08
52.432   0.999984   0.999992   -1.3062e-08
52.4349   0.999984   0.999992   1.2218e-09
52.4378   0.999984   0.999992   4.57846e-09
52.4407   0.999984   0.999992   -1.24468e-08
52.4436   0.999984   0.999992   -4.1362e-09
52.4464   0.999984   0.999992   -2.53179e-08
52.4609   0.999984   0.999992   -1.17165e-08
52.4753   0.999984   0.999992   8.15308e-09
52.4897   0.999984   0.999992   -3.86614e-09
52.5041   0.999984   0.999992   6.73019e-09
52.5761   0.999984   0.999992   2.25301e-08
52.6482   0.999985   0.999992   4.94229e-08
52.7202   0.999985   0.999992   3.54015e-08
52.7923   0.999985   0.999993   7.31658e-09
53.0412   0.999986   0.999993   8.89595e-09
53.2901   0.999987   0.999993   1.48497e-08
53.539   0.999987   0.999994   5.26849e-09
53.7879   0.999988   0.999994   1.64655e-08
54.0379   0.999988   0.999994   1.06617e-09
54.2879   0.999989   0.999994   -1.85866e-09
54.5379   0.999989   0.999995   1.94982e-08
54.7879   0.99999   0.999995   2.49852e-08
55.0379   0.99999   0.999995   1.10168e-09
55.2879   0.999991   0.999995   1.92634e-08
55.5379   0.999991   0.999996   1.26289e-08
55.7879   0.999992   0.999996   -2.19341e-08
55.8166   0.999992   0.999996   -6.87084e-09
55.8452   0.999992   0.999996   1.4519e-08
55.8738   0.999992   0.999996   2.8159e-08
55.9025   0.999992   0.999996   1.33811e-08
55.9311   0.999992   0.999996   4.45991e-09
55.9597   0.999992   0.999996   1.88439e-08
55.9884   0.999992   0.999996   5.2051e-10
56.017   0.999992   0.999996   1.13877e-08
56.1602   0.999992   0.999996   -1.33493e-10
56.3034   0.999993   0.999996   4.51897e-09
56.4466   0.999993   0.999996   -2.84566e-08
56.5898   0.999993   0.999997   -9.94088e-10
56.8398   0.999993   0.999997   1.38778e-09
57.0898   0.999994   0.999997   2.54358e-09
57.3398   0.999994   0.999997   -1.37924e-09
57.5898   0.999994   0.999997   2.62201e-09
57.6185   0.999994   0.999997   7.77121e-09
57.6471   0.999994   0.999997   -3.37952e-09
57.6757   0.999994   0.999997   8.78571e-09
57.7044   0.999994   0.999997   9.8598e-09
57.733   0.999994   0.999997   1.38521e-08
57.7616   0.999994   0.999997   -1.49911e-09
57.7903   0.999995   0.999997   1.65283e-08
57.8189   0.999995   0.999997   1.42388e-08
57.9621   0.999995   0.999997   -7.54435e-09
58.1053   0.999995   0.999997   -9.81936e-09
58.2485   0.999995   0.999997   7.25645e-10
58.3917   0.999995   0.999998   1.71779e-08
58.6417   0.999995   0.999998   1.24685e-08
58.8917   0.999996   0.999998   1.09939e-08
59.1417   0.999996   0.999998   1.83566e-08
59.3917   0.999996   0.999998   -3.88238e-09
59.6417   0.999996   0.999998   7.74548e-09
59.8917   0.999996   0.999998   1.24126e-08
60.1417   0.999997   0.999998   7.4803e-09
60.3917   0.999997   0.999998   -2.36387e-09
60.4203   0.999997   0.999998   -1.74812e-08
60.449   0.999997   0.999998   -4.0315e-09
60.4776   0.999997   0.999998   -1.55196e-08
60.5063   0.999997   0.999998   1.19631e-09
60.5349   0.999997   0.999998   1.82159e-08
60.5635   0.999997   0.999998   1.62433e-08
60.5922   0.999997   0.999998   -2.4448e-08
60.6208   0.999997   0.999998   1.55928e-08
60.6376   0.999997   0.999998   2.67635e-09
60.6544   0.999997   0.999998   6.61125e-09
60.6712   0.999997   0.999998   1.94735e-08
60.688   0.999997   0.999998   4.10248e-09
60.7048   0.999997   0.999998   6.39813e-09
60.7216   0.999997   0.999998   -9.889e-09
60.7384   0.999997   0.999998   5.70618e-10
60.7552   0.999997   0.999998   1.03469e-08
60.8391   0.999997   0.999999   3.02939e-09
60.9231   0.999997   0.999999   1.07135e-08
61.007   0.999997   0.999999   -1.35486e-08
61.091   0.999997   0.999999   5.3771e-09
61.341   0.999997   0.999999   2.23689e-08
61.591   0.999997   0.999999   2.12207e-08
61.841   0.999998   0.999999   1.90926e-08
62.091   0.999998   0.999999   1.46074e-08
62.341   0.999998   0.999999   1.89164e-08
62.591   0.999998   0.999999   1.20251e-08
62.841   0.999998   0.999999   2.85858e-09
63.091   0.999998   0.999999   7.17176e-09
63.1196   0.999998   0.999999   1.7075e-08
63.1483   0.999998   0.999999   1.40626e-08
63.1769   0.999998   0.999999   2.50818e-08
63.2055   0.999998   0.999999   -9.62294e-09
63.2342   0.999998   0.999999   2.44645e-10
63.2628   0.999998   0.999999   -2.23126e-09
63.2915   0.999998   0.999999   5.26051e-09
63.3201   0.999998   0.999999   3.16238e-09
63.4633   0.999998   0.999999   4.54601e-09
63.6065   0.999998   0.999999   -3.07163e-09
63.7497   0.999998   0.999999   1.12995e-08
63.8929   0.999998   0.999999   9.90021e-09
64.1429   0.999998   0.999999   1.87014e-08
64.3929   0.999999   0.999999   5.56578e-09
64.6429   0.999999   0.999999   5.65317e-09
64.8929   0.999999   0.999999   8.57579e-09
65.1429   0.999999   0.999999   1.97991e-08
65.3929   0.999999   0.999999   -2.93385e-09
65.6429   0.999999   0.999999   4.41204e-09
65.8929   0.999999   0.999999   1.42836e-08
65.9215   0.999999   0.999999   6.06331e-09
65.9502   0.999999   0.999999   -1.38176e-10
65.9788   0.999999   0.999999   3.20111e-09
66.0074   0.999999   0.999999   8.74509e-09
66.0361   0.999999   0.999999   1.63338e-08
66.0647   0.999999   0.999999   1.92959e-08
66.0934   0.999999   0.999999   -2.77493e-09
66.122   0.999999   0.999999   -2.61994e-09
66.1396   0.999999   0.999999   1.79859e-09
66.1573   0.999999   0.999999   7.49779e-09
66.1749   0.999999   0.999999   1.41707e-08
66.1926   0.999999   0.999999   -1.37379e-08
66.2102   0.999999   0.999999   1.32421e-08
66.2278   0.999999   0.999999   2.3345e-08
66.2455   0.999999   0.999999   -5.34325e-10
66.2631   0.999999   1   -1.05673e-08
66.274   0.999999   1   1.95826e-08
66.2849   0.999999   1   2.64739e-09
66.2958   0.999999   1   -6.88435e-09
66.3066   0.999999   1   1.07689e-08
66.3175   0.999999   1   1.08839e-09
66.3284   0.999999   1   -1.05361e-09
66.3393   0.999999   1   3.87111e-09
66.3502   0.999999   1   2.52618e-09
66.3575   0.999999   1   -6.51264e-09
66.3648   0.999999   1   5.69009e-09
66.3721   0.999999   1   1.13936e-08
66.3795   0.999999   1   -2.82994e-09
66.3868   0.999999   1   9.77166e-09
66.3941   0.999999   1   1.52974e-08
66.4015   0.999999   1   1.35253e-09
66.4088   0.999999   1   -1.26572e-08
66.4454   0.999999   1   4.86399e-09
66.4821   0.999999   1   1.28613e-08
66.5187   0.999999   1   -9.13873e-09
66.5553   0.999999   1   1.28966e-08
66.5741   0.999999   1   1.85277e-09
66.5928   0.999999   1   5.25184e-09
66.6116   0.999999   1   9.88498e-09
66.6303   0.999999   1   1.53016e-08
66.649   0.999999   1   7.14719e-10
66.6678   0.999999   1   6.98243e-09
66.6865   0.999999   1   -6.72749e-09
66.7053   0.999999   1   7.65288e-09
66.799   0.999999   1   1.22727e-08
66.8927   0.999999   1   -1.88338e-10
66.9864   0.999999   1   1.62752e-08
67.0801   0.999999   1   7.59638e-09
67.3301   0.999999   1   2.69217e-08
67.5801   0.999999   1   5.73222e-08
67.8301   0.999999   1   5.52035e-08
68.0801   0.999999   1   4.41806e-08
68.3301   0.999999   1   3.66877e-08
68.5801   0.999999   1   2.84158e-08
68.8301   0.999999   1   2.23562e-08
69.0801   1   1   2.01511e-08
69.3301   1   1   1.9207e-08
69.5801   1   1   1.89413e-08
69.8301   1   1   1.78709e-08
70.0801   1   1   1.40655e-08
70.1057   1   1   1.05555e-08
70.1313   1   1   1.79507e-08
70.1569   1   1   8.12135e-09
70.1825   1   1   8.83605e-09
70.208   1   1   9.87907e-09
70.2336   1   1   1.09694e-08
70.2592   1   1   1.48709e-08
70.2848   1   1   1.58275e-08
70.2995   1   1   1.57911e-08
70.3141   1   1   8.70224e-09
70.3288   1   1   1.83851e-08
70.3435   1   1   1.11651e-08
70.3581   1   1   1.81061e-08
70.3728   1   1   4.55538e-09
70.3875   1   1   1.49062e-08
70.4021   1   1   1.48787e-08
70.4754   1   1   1.35937e-08
70.5488   1   1   1.68743e-08
70.6221   1   1   2.21414e-08
70.6954   1   1   4.6459e-10
70.724   1   1   1.68009e-08
70.7527   1   1   2.04198e-09
70.7813   1   1   5.10834e-09
70.81   1   1   8.39461e-09
70.8143   1   1   -7.33434e-09
70.8187   1   1   -4.98734e-09
70.8231   1   1   6.29091e-09
70.8275   1   1   8.50915e-09
70.8318   1   1   6.23147e-09
70.8362   1   1   8.61615e-09
70.8406   1   1   6.48517e-09
70.8449   1   1   8.96602e-09
70.8668   1   1   -1.55356e-09
70.8887   1   1   1.02731e-08
70.9105   1   1   -1.0922e-09
70.9324   1   1   1.00899e-08
71.0417   1   1   1.11258e-09
71.151   1   1   -1.79369e-08
71.2603   1   1   1.12562e-08
71.3696   1   1   1.3156e-08
71.6196   1   1   1.1349e-08
71.8696   1   1   2.16294e-08
72.1196   1   1   1.06979e-08
72.3696   1   1   1.45196e-08
72.6196   1   1   8.13195e-09
72.8696   1   1   3.73136e-09
73.1196   1   1   1.04221e-08
73.3696   1   1   6.50879e-09
73.3982   1   1   6.73653e-09
73.4269   1   1   6.44431e-09
73.4555   1   1   -8.3374e-09
73.4842   1   1   4.62942e-08
73.5128   1   1   7.42258e-09
73.5414   1   1   -4.9589e-09
73.5701   1   1   -4.23134e-09
73.5987   1   1   3.51584e-09
73.6163   1   1   1.30289e-08
73.634   1   1   2.8098e-09
73.6516   1   1   1.24877e-08
73.6693   1   1   2.1461e-09
73.6869   1   1   -8.17829e-09
73.7045   1   1   1.25768e-09
73.7222   1   1   4.80386e-09
73.7398   1   1   8.46414e-09
73.828   1   1   3.46192e-07
73.9162   1   1   7.9809e-07
74.0044   1   1   9.16501e-07
74.0926   1   1   8.08096e-07
74.2629   1   1   7.19377e-07
74.4331   1   1   6.40608e-07
74.6034   1   1   5.70278e-07
74.7737   1   1   5.07672e-07
75.0237   1   1   4.27916e-07
75.2737   1   1   3.60827e-07
75.5237   1   1   3.04108e-07
75.7737   1   1   2.56221e-07
76.0237   1   1   2.16084e-07
76.2737   1   1   1.8223e-07
76.5237   1   1   1.53724e-07
76.7737   1   1   1.2947e-07
77.0237   1   1   1.09549e-07
77.2737   1   1   9.32872e-08
77.5237   1   1   7.9286e-08
77.7737   1   1   6.47474e-08
78.0237   1   1   5.56509e-08
78.2737   1   1   4.65538e-08
78.5237   1   1   3.93953e-08
78.7737   1   1   3.14445e-08
79.0237   1   1   2.76442e-08
79.2737   1   1   2.09779e-08
79.5237   1   1   1.60344e-08
79.7737   1   1   1.83447e-08
79.8023   1   1   1.15022e-08
79.8309   1   1   3.27069e-09
79.8596   1   1   1.74291e-08
79.8882   1   1   1.27016e-08
79.9169   1   1   1.11846e-08
79.9455   1   1   1.02879e-08
79.9741   1   1   1.76938e-08
80.0028   1   1   5.34176e-09
80.0189   1   1   9.42597e-09
80.0349   1   1   8.24344e-09
80.051   1   1   1.05023e-08
80.0671   1   1   6.27108e-09
80.0832   1   1   1.79585e-08
80.0993   1   1   3.94633e-09
80.1154   1   1   1.98167e-08
80.1314   1   1   8.5736e-09
80.1415   1   1   1.05843e-08
80.1515   1   1   6.26188e-09
80.1615   1   1   1.44918e-08
80.1715   1   1   1.63142e-08
80.1815   1   1   1.23894e-08
80.1915   1   1   8.24025e-09
80.2016   1   1   4.82553e-09
80.2116   1   1   7.44948e-09
80.2616   1   1   7.54342e-09
80.3117   1   1   9.47692e-09
80.3618   1   1   1.71838e-08
80.4119   1   1   2.14995e-09
80.4247   1   1   1.01167e-08
80.4375   1   1   1.14433e-08
80.4503   1   1   1.2329e-08
80.4631   1   1   1.44104e-08
80.4758   1   1   1.71449e-08
80.4886   1   1   4.5898e-09
80.5014   1   1   -8.40693e-09
80.5142   1   1   6.15481e-09
80.5782   1   1   -3.35165e-09
80.6422   1   1   4.79738e-09
80.7061   1   1   1.11206e-09
80.7701   1   1   6.51726e-09
81.0201   1   1   2.13038e-08
81.2701   1   1   1.67349e-09
81.5201   1   1   1.62741e-08
81.7701   1   1   1.37903e-08
82.0201   1   1   1.75879e-09
82.2701   1   1   1.44582e-08
82.5201   1   1   5.78504e-09
82.7701   1   1   1.94349e-08
83.0201   1   1   2.04825e-08
83.2701   1   1   -5.74533e-09
83.5201   1   1   -2.753e-09
83.7701   1   1   1.56464e-08
83.7844   1   1   1.54916e-08
83.7987   1   1   1.61217e-08
83.813   1   1   9.9803e-09
83.8274   1   1   -8.61656e-10
83.8299   1   1   -4.1233e-09
83.8324   1   1   4.59825e-08
83.8349   1   1   -1.15408e-08
83.8374   1   1   -1.35857e-08
83.8399   1   1   -1.72678e-08
83.8424   1   1   -1.88667e-08
83.8449   1   1   -1.65777e-08
83.8474   1   1   -1.55102e-08
83.86   1   1   1.56641e-08
83.8725   1   1   9.6378e-09
83.885   1   1   4.42491e-09
83.8976   1   1   -2.03779e-09
83.9108   1   1   2.79598e-08
83.924   1   1   1.15084e-08
83.9372   1   1   7.30342e-08
83.9504   1   1   2.55414e-08
83.9636   1   1   -2.91553e-08
83.9768   1   1   -3.33359e-09
83.99   1   1   1.92872e-08
84.0032   1   1   9.12043e-09
84.0055   1   1   -1.84686e-08
84.0077   1   1   3.59175e-08
84.01   1   1   3.57907e-08
84.0123   1   1   8.12714e-09
84.0146   1   1   7.86092e-09
84.0168   1   1   7.63466e-09
84.0191   1   1   3.41679e-08
84.0214   1   1   6.05675e-09
84.0328   1   1   1.49224e-09
84.0441   1   1   2.51658e-08
84.0555   1   1   -2.81734e-09
84.0669   1   1   -4.38915e-09
84.075   1   1   -6.66761e-09
84.0831   1   1   1.63905e-08
84.0912   1   1   -2.32085e-08
84.0993   1   1   -2.32171e-09
84.1074   1   1   2.16412e-08
84.1155   1   1   -9.98952e-09
84.1236   1   1   1.15653e-08
84.1317   1   1   3.62046e-08
84.1722   1   1   4.9655e-08
84.2127   1   1   1.20414e-09
84.2532   1   1   -2.17092e-08
84.2937   1   1   -3.15154e-09
84.3175   1   1   -1.13818e-08
84.3413   1   1   1.49786e-08
84.3651   1   1   -1.29138e-08
84.3889   1   1   -2.08965e-08
84.3927   1   1   3.13562e-09
84.3964   1   1   2.94651e-08
84.4002   1   1   4.73001e-09
84.404   1   1   -2.14704e-08
84.4048   1   1   5.09977e-09
84.4057   1   1   -2.2569e-08
84.4066   1   1   4.59476e-09
84.4074   1   1   -2.53296e-08
84.4083   1   1   2.8908e-08
84.4092   1   1   2.88001e-08
84.41   1   1   1.34622e-09
84.4109   1   1   5.56516e-08
84.4152   1   1   2.81815e-08
84.4195   1   1   1.69486e-10
84.4238   1   1   2.62914e-08
84.4281   1   1   -5.4539e-08
84.4317   1   1   -5.6109e-08
84.4354   1   1   2.22044e-08
84.439   1   1   -6.30425e-09
84.4427   1   1   1.95275e-08
84.4463   1   1   1.80348e-08
84.45   1   1   1.66187e-08
84.4536   1   1   1.64071e-08
84.4573   1   1   -1.12464e-08
84.4755   1   1   -2.52966e-08
84.4938   1   1   4.57946e-08
84.512   1   1   4.00945e-08
84.5303   1   1   1.1025e-08
84.5406   1   1   3.2805e-08
84.5508   1   1   2.50916e-08
84.5611   1   1   5.37021e-08
84.5714   1   1   -5.09781e-09
84.5816   1   1   -4.1093e-08
84.5919   1   1   -7.37759e-09
84.6022   1   1   1.9031e-08
84.6124   1   1   -1.14321e-08
84.6638   1   1   5.33135e-09
84.7151   1   1   4.28351e-09
84.7664   1   1   1.5891e-08
84.8178   1   1   2.25766e-09
85.0678   1   1   3.00015e-09
85.3178   1   1   2.40294e-08
85.5678   1   1   7.83336e-09
85.8178   1   1   1.22161e-08
85.8464   1   1   2.22163e-08
85.8751   1   1   5.78149e-09
85.9037   1   1   5.12843e-09
85.9323   1   1   3.7507e-09
85.961   1   1   8.29217e-11
85.9896   1   1   2.23373e-08
86.0183   1   1   7.16794e-09
86.0469   1   1   5.00506e-09
86.0547   1   1   3.83725e-09
86.0626   1   1   2.80524e-09
86.0704   1   1   -1.13859e-08
86.0782   1   1   1.57693e-09
86.0861   1   1   1.407e-08
86.0939   1   1   -7.4312e-10
86.1017   1   1   1.16779e-08
86.1096   1   1   1.07116e-08
86.1488   1   1   1.87235e-08
86.1879   1   1   1.64601e-08
86.2271   1   1   1.59176e-08
86.2663   1   1   1.48134e-08
86.2894   1   1   -2.18615e-10
86.3126   1   1   1.11786e-08
86.3357   1   1   5.14257e-09
86.3588   1   1   1.60859e-08
86.382   1   1   2.17479e-09
86.4051   1   1   1.51233e-09
86.4282   1   1   1.24091e-08
86.4514   1   1   9.09054e-09
86.4661   1   1   2.07208e-08
86.4808   1   1   -9.24625e-09
86.4955   1   1   1.47129e-09
86.5102   1   1   -1.90889e-09
86.5127   1   1   -2.08245e-09
86.5153   1   1   -2.13223e-09
86.5178   1   1   -2.2916e-09
86.5204   1   1   -2.60982e-09
86.523   1   1   2.44958e-08
86.5255   1   1   -2.83583e-09
86.5281   1   1   1.03809e-08
86.5306   1   1   9.9455e-09
86.5328   1   1   2.34744e-08
86.535   1   1   9.78373e-09
86.5372   1   1   9.58664e-09
86.5394   1   1   2.30177e-08
86.5416   1   1   2.29503e-08
86.5438   1   1   9.12835e-09
86.546   1   1   -4.86567e-09
86.5482   1   1   8.39532e-09
86.5592   1   1   2.12044e-08
86.5702   1   1   2.08175e-08
86.5812   1   1   2.06471e-08
86.5921   1   1   2.03937e-08
86.6471   1   1   2.48223e-09
86.702   1   1   -5.59627e-09
86.7569   1   1   1.26564e-08
86.8118   1   1   7.3023e-09
86.8404   1   1   -9.3659e-09
86.8691   1   1   5.98548e-09
86.8977   1   1   4.496e-09
86.9264   1   1   1.4079e-09
86.955   1   1   -1.0916e-09
86.9836   1   1   -3.58079e-09
87.0123   1   1   -7.55563e-09
87.0409   1   1   4.15634e-09
87.1841   1   1   1.07851e-08
87.3273   1   1   -4.26582e-09
87.4705   1   1   2.78642e-08
87.6137   1   1   1.41773e-09
87.8637   1   1   1.26192e-08
88.1137   1   1   3.19701e-08
88.3637   1   1   3.00468e-08
88.6137   1   1   2.08163e-08
88.8637   1   1   2.42522e-08
89.1137   1   1   1.41457e-08
89.3637   1   1   4.65479e-09
89.6137   1   1   7.10952e-09
89.8637   1   1   1.71591e-08
90.1137   1   1   1.18682e-08
90.3637   1   1   1.58971e-08
90.6137   1   1   1.09323e-08
90.6423   1   1   9.52817e-09
90.671   1   1   7.92417e-09
90.6996   1   1   1.9932e-08
90.7283   1   1   1.88663e-08
90.7326   1   1   5.06697e-09
90.737   1   1   1.83921e-08
90.7414   1   1   4.4586e-09
90.7457   1   1   -9.56891e-09
90.7501   1   1   -9.94101e-09
90.7545   1   1   3.62778e-09
90.7589   1   1   3.78042e-09
90.7632   1   1   3.74965e-09
90.7668   1   1   3.57705e-09
90.7703   1   1   3.47367e-09
90.7738   1   1   3.34307e-09
90.7773   1   1   3.13181e-09
90.7808   1   1   1.65258e-08
90.7843   1   1   2.85187e-09
90.7879   1   1   2.91105e-09
90.7914   1   1   2.84475e-09
90.809   1   1   1.56829e-08
90.8266   1   1   1.09851e-08
90.8442   1   1   2.33293e-08
90.8618   1   1   2.24052e-08
90.8734   1   1   -5.29922e-09
90.8851   1   1   7.79597e-09
90.8968   1   1   7.69844e-09
90.9084   1   1   7.53248e-09
90.9201   1   1   6.96392e-09
90.9317   1   1   1.99092e-08
90.9434   1   1   5.45507e-09
90.955   1   1   4.61211e-09
91.0133   1   1   1.10488e-09
91.0716   1   1   -3.95891e-09
91.1299   1   1   2.14687e-09
91.1881   1   1   -4.88735e-09
91.2025   1   1   2.15911e-08
91.2168   1   1   -5.54032e-09
91.2311   1   1   -5.5441e-09
91.2454   1   1   -6.44571e-09
91.2479   1   1   -6.7292e-09
91.2504   1   1   -7.01757e-09
91.2529   1   1   -7.311e-09
91.2554   1   1   -7.60967e-09
91.258   1   1   1.94744e-08
91.2605   1   1   -7.73727e-09
91.263   1   1   -7.76238e-09
91.2655   1   1   -7.95661e-09
91.278   1   1   -8.08089e-09
91.2905   1   1   -8.33773e-09
91.3031   1   1   -1.04569e-08
91.3156   1   1   1.4733e-08
91.32   1   1   1.4143e-08
91.3244   1   1   -1.37258e-08
91.3288   1   1   -1.37912e-08
91.3332   1   1   -1.39457e-08
91.3376   1   1   -1.50211e-08
91.3419   1   1   -1.5704e-08
91.3463   1   1   -1.54009e-08
91.3507   1   1   1.22671e-08
91.3727   1   1   2.71817e-08
91.3946   1   1   -2.56194e-09
91.4165   1   1   2.71969e-08
91.4385   1   1   -2.60334e-08
91.4507   1   1   7.20504e-10
91.463   1   1   2.80596e-08
91.4753   1   1   2.71943e-08
91.4876   1   1   -1.41454e-09
91.4999   1   1   -1.54015e-09
91.5122   1   1   -1.53126e-09
91.5245   1   1   -2.42989e-09
91.5368   1   1   -3.80655e-09
91.5408   1   1   -3.99692e-09
91.5448   1   1   -3.90332e-09
91.5489   1   1   2.35731e-08
91.5529   1   1   2.37528e-08
91.557   1   1   7.01822e-09
91.561   1   1   -4.7802e-08
91.565   1   1   2.28865e-08
91.5691   1   1   2.24766e-08
91.5893   1   1   2.28485e-08
91.6095   1   1   2.26591e-08
91.6297   1   1   2.12992e-08
91.6499   1   1   -8.10348e-09
91.7509   1   1   1.00521e-08
91.852   1   1   2.43255e-08
91.953   1   1   1.44166e-08
92.054   1   1   -3.16744e-11
92.0707   1   1   -5.69812e-08
92.0874   1   1   -6.4983e-09
92.1041   1   1   4.43074e-08
92.1208   1   1   4.74795e-08
92.1375   1   1   5.04421e-10
92.1542   1   1   4.18414e-09
92.1709   1   1   -2.27487e-08
92.1876   1   1   3.09709e-09
92.1985   1   1   2.31527e-09
92.2094   1   1   1.46519e-09
92.2203   1   1   5.3576e-10
92.2312   1   1   -4.87012e-10
92.2421   1   1   -3.26358e-09
92.2531   1   1   -5.89333e-08
92.264   1   1   -2.87991e-08
92.2749   1   1   4.89639e-10
92.2825   1   1   2.73439e-08
92.2901   1   1   -2.80821e-08
92.2977   1   1   -3.03021e-09
92.3053   1   1   -5.19839e-09
92.3129   1   1   -4.70623e-09
92.3205   1   1   -6.1097e-09
92.3281   1   1   -1.23575e-08
92.3357   1   1   2.25887e-08
92.3729   1   1   7.29317e-08
92.4102   1   1   -1.56808e-07
92.4474   1   1   5.99914e-08
92.4846   1   1   9.38637e-09
92.5054   1   1   9.31789e-09
92.5262   1   1   6.25356e-08
92.5469   1   1   4.69309e-09
92.5677   1   1   5.94574e-08
92.5885   1   1   5.22051e-09
92.6092   1   1   3.30559e-09
92.63   1   1   -5.02471e-08
92.6508   1   1   -5.24137e-08
92.6566   1   1   -8.82879e-10
92.6625   1   1   -5.05059e-09
92.6684   1   1   -6.44062e-08
92.6742   1   1   4.33501e-08
92.6801   1   1   -7.13597e-08
92.686   1   1   2.53647e-08
92.6918   1   1   2.67854e-08
92.6977   1   1   -8.33055e-08
92.6988   1   1   -8.78461e-08
92.7   1   1   -9.11463e-08
92.7011   1   1   -9.25055e-08
92.7022   1   1   -2.08266e-07
92.7033   1   1   1.06373e-08
92.7045   1   1   -8.69625e-08
92.7056   1   1   1.35518e-07
92.7067   1   1   -8.39392e-08
92.7079   1   1   2.41215e-08
92.709   1   1   2.41977e-08
92.7102   1   1   -1.95894e-07
92.7113   1   1   1.98141e-08
92.7124   1   1   2.07624e-08
92.7136   1   1   -8.83661e-08
92.7147   1   1   -9.10537e-08
92.7159   1   1   -9.65261e-08
92.7164   1   1   -9.72812e-08
92.717   1   1   1.123e-08
92.7176   1   1   -2.09757e-07
92.7182   1   1   4.97523e-09
92.7187   1   1   6.71411e-09
92.7193   1   1   7.06587e-09
92.7199   1   1   3.64389e-09
92.7205   1   1   9.82707e-11
92.7233   1   1   -2.40972e-07
92.7262   1   1   1.97962e-07
92.7291   1   1   -8.99703e-08
92.732   1   1   -7.9293e-08
92.7333   1   1   -8.02753e-08
92.7346   1   1   -7.95277e-08
92.7359   1   1   -7.91526e-08
92.7372   1   1   3.00066e-08
92.7384   1   1   -7.85433e-08
92.7397   1   1   1.39919e-07
92.741   1   1   3.20447e-08
92.7423   1   1   -7.7478e-08
92.7437   1   1   -7.99012e-08
92.745   1   1   2.5246e-08
92.7463   1   1   1.81783e-08
92.7477   1   1   -1.00155e-07
92.7481   1   1   6.47002e-09
92.7485   1   1   6.98729e-09
92.7489   1   1   1.00785e-08
92.7493   1   1   -9.77395e-08
92.7497   1   1   -9.83568e-08
92.7501   1   1   1.04087e-08
92.7505   1   1   -1.00326e-07
92.7509   1   1   -1.03426e-07
92.7512   1   1   -1.02991e-07
92.7515   1   1   5.9435e-09
92.7518   1   1   2.26508e-09
92.7521   1   1   -1.52728e-09
92.7524   1   1   -2.18441e-07
92.7527   1   1   -2.18383e-07
92.753   1   1   -2.20621e-07
92.7533   1   1   -5.02439e-09
92.7549   1   1   2.22684e-08
92.7564   1   1   1.31242e-08
92.758   1   1   1.03212e-09
92.7595   1   1   1.64976e-06
92.766   1   1   5.91682e-09
92.7724   1   1   2.42663e-09
92.7789   1   1   -5.64874e-08
92.7853   1   1   -5.4952e-10
92.8176   1   1   4.01683e-09
92.8499   1   1   7.71398e-09
92.8822   1   1   5.58122e-09
92.9145   1   1   3.00458e-08
92.9189   1   1   3.03897e-08
92.9232   1   1   3.3847e-09
92.9275   1   1   -2.38825e-08
92.9319   1   1   3.13071e-09
92.9362   1   1   2.10907e-09
92.9406   1   1   -2.58075e-08
92.9449   1   1   2.95351e-08
92.9493   1   1   3.06658e-08
92.971   1   1   3.38105e-09
92.9927   1   1   2.25868e-09
93.0144   1   1   1.54535e-09
93.0361   1   1   8.76362e-10
93.05   1   1   1.18992e-09
93.0639   1   1   1.81341e-09
93.0778   1   1   1.36469e-09
93.0917   1   1   2.48699e-10
93.1057   1   1   -6.35724e-10
93.1196   1   1   -1.59465e-09
93.1335   1   1   -2.64037e-09
93.1474   1   1   -3.78845e-09
93.1522   1   1   -3.60818e-09
93.157   1   1   -3.5621e-09
93.1618   1   1   -3.16764e-08
93.1666   1   1   -5.53205e-09
93.1714   1   1   2.1969e-08
93.1761   1   1   -5.26886e-09
93.1809   1   1   2.07236e-08
93.1857   1   1   1.96764e-08
93.2096   1   1   -1.15804e-08
93.2336   1   1   6.64555e-08
93.2575   1   1   1.00073e-08
93.2815   1   1   8.82855e-09
93.3025   1   1   -1.74107e-08
93.3236   1   1   1.12253e-08
93.3446   1   1   1.08661e-08
93.3657   1   1   9.63707e-09
93.3693   1   1   3.70236e-08
93.3729   1   1   9.89363e-09
93.3764   1   1   9.62808e-09
93.38   1   1   3.66381e-08
93.3836   1   1   9.28067e-09
93.3872   1   1   8.9798e-09
93.3908   1   1   3.6039e-08
93.3944   1   1   8.75895e-09
93.4123   1   1   -1.79955e-08
93.4302   1   1   3.70254e-08
93.4481   1   1   9.31366e-09
93.4661   1   1   8.40341e-09
93.5557   1   1   2.24222e-08
93.6453   1   1   2.93528e-09
93.735   1   1   -1.0118e-08
93.8246   1   1   -1.46182e-09
93.8318   1   1   1.16989e-08
93.8389   1   1   -2.38109e-09
93.8461   1   1   -2.86365e-09
93.8532   1   1   -3.3628e-09
93.8604   1   1   -1.77184e-08
93.8676   1   1   -4.56276e-09
93.8747   1   1   -4.38902e-09
93.8819   1   1   -4.3442e-09
93.8869   1   1   -1.81969e-08
93.8919   1   1   -4.68951e-09
93.8969   1   1   2.22898e-08
93.9019   1   1   8.56775e-09
93.9069   1   1   2.21041e-08
93.912   1   1   2.20047e-08
93.917   1   1   8.2288e-09
93.922   1   1   8.06808e-09
93.9259   1   1   -5.78219e-09
93.9298   1   1   7.62462e-09
93.9338   1   1   7.65238e-09
93.9377   1   1   7.71325e-09
93.9416   1   1   7.69721e-09
93.9455   1   1   -6.04432e-09
93.9495   1   1   2.08479e-08
93.9534   1   1   2.06201e-08
93.973   1   1   6.98247e-09
93.9927   1   1   2.00865e-08
94.0123   1   1   -7.94575e-09
94.032   1   1   1.88525e-08
94.1301   1   1   3.05876e-09
94.2283   1   1   -9.66729e-10
94.3265   1   1   2.3241e-08
94.4247   1   1   -8.7053e-09
94.4534   1   1   -1.03981e-08
94.482   1   1   1.29609e-08
94.5106   1   1   -2.34466e-08
94.5393   1   1   2.47278e-08
94.5679   1   1   -2.75895e-08
94.5966   1   1   -2.542e-08
94.6252   1   1   -2.1594e-08
94.6538   1   1   -2.23111e-08
94.6715   1   1   2.15749e-09
94.6891   1   1   -2.52251e-08
94.7068   1   1   3.53042e-09
94.7244   1   1   3.21842e-09
94.7275   1   1   3.03977e-08
94.7306   1   1   3.06725e-09
94.7337   1   1   3.00724e-08
94.7368   1   1   2.6481e-09
94.7375   1   1   2.98678e-08
94.7382   1   1   2.98754e-08
94.7389   1   1   2.65721e-09
94.7397   1   1   2.98888e-08
94.7404   1   1   2.98827e-08
94.7411   1   1   2.63947e-09
94.7418   1   1   -2.45994e-08
94.7425   1   1   2.98523e-08
94.746   1   1   2.72085e-09
94.7496   1   1   2.71329e-09
94.7531   1   1   2.97154e-08
94.7566   1   1   2.24776e-09
94.7582   1   1   2.94323e-08
94.7597   1   1   2.93975e-08
94.7613   1   1   2.93729e-08
94.7628   1   1   2.93716e-08
94.7644   1   1   2.93281e-08
94.7659   1   1   2.92941e-08
94.7675   1   1   2.9342e-08
94.7691   1   1   2.15101e-09
94.7768   1   1   2.97058e-08
94.7846   1   1   2.82691e-09
94.7924   1   1   2.96583e-08
94.8002   1   1   1.80983e-09
94.839   1   1   2.93696e-08
94.8779   1   1   2.63973e-09
94.9168   1   1   2.87018e-08
94.9557   1   1   2.77428e-08
95.1423   1   1   2.37461e-08
95.3289   1   1   -1.22204e-08
95.5155   1   1   -1.06493e-08
95.7022   1   1   -1.254e-08
95.7165   1   1   1.26531e-08
95.7308   1   1   -1.60616e-08
95.7451   1   1   1.16305e-08
95.7595   1   1   -1.54065e-08
95.7738   1   1   1.00962e-08
95.7881   1   1   8.99667e-09
95.8024   1   1   -1.8034e-08
95.8167   1   1   9.70659e-09
95.8216   1   1   1.00791e-08
95.8264   1   1   -1.66567e-08
95.8312   1   1   1.07227e-08
95.836   1   1   1.06623e-08
95.8371   1   1   1.06943e-08
95.8381   1   1   1.0713e-08
95.8392   1   1   1.06783e-08
95.8402   1   1   1.06414e-08
95.8413   1   1   -1.65862e-08
95.8423   1   1   1.06387e-08
95.8434   1   1   -1.66002e-08
95.8444   1   1   -1.66685e-08
95.8455   1   1   1.04827e-08
95.8467   1   1   -1.67251e-08
95.8478   1   1   -1.66557e-08
95.8489   1   1   1.06166e-08
95.85   1   1   -1.65702e-08
95.8511   1   1   1.06447e-08
95.8523   1   1   1.05475e-08
95.8534   1   1   3.7757e-08
95.859   1   1   1.07859e-08
95.8646   1   1   1.06458e-08
95.8702   1   1   -1.68228e-08
95.8758   1   1   -1.72568e-08
95.9038   1   1   -1.79758e-08
95.9318   1   1   -1.86654e-08
95.9599   1   1   4.82947e-09
95.9879   1   1   3.01552e-08
96.1202   1   1   1.05051e-08
96.2526   1   1   9.5647e-09
96.3849   1   1   1.17249e-08
96.5173   1   1   1.38433e-08
96.5435   1   1   -9.31455e-10
96.5697   1   1   1.19298e-08
96.596   1   1   5.81087e-09
96.6222   1   1   1.32684e-08
96.6484   1   1   1.26652e-08
96.6746   1   1   -1.95021e-09
96.7008   1   1   4.87976e-09
96.7271   1   1   3.90663e-09
96.742   1   1   1.73676e-08
96.757   1   1   1.73592e-08
96.772   1   1   3.56903e-09
96.7869   1   1   1.69797e-08
96.8019   1   1   1.64246e-08
96.8168   1   1   1.59954e-08
96.8318   1   1   2.76003e-09
96.8468   1   1   1.68468e-08
96.8569   1   1   1.66683e-08
96.8671   1   1   1.63791e-08
96.8773   1   1   1.61137e-08
96.8875   1   1   2.22875e-09
96.8976   1   1   1.8268e-09
96.9078   1   1   1.50756e-08
96.918   1   1   1.27627e-09
96.9281   1   1   1.48294e-08
96.979   1   1   1.05188e-09
97.0299   1   1   1.40858e-08
97.0807   1   1   1.28084e-08
97.1316   1   1   1.16385e-08
97.1602   1   1   1.13234e-08
97.1888   1   1   1.09928e-08
97.2175   1   1   1.06456e-08
97.2461   1   1   1.02809e-08
97.2748   1   1   1.03028e-08
97.3034   1   1   1.08095e-08
97.332   1   1   -2.28415e-09
97.3607   1   1   1.13883e-08
97.5039   1   1   1.11944e-08
97.6471   1   1   -5.7543e-09
97.7903   1   1   1.28372e-08
97.9335   1   1   3.89193e-08
97.9621   1   1   -1.54029e-08
97.9907   1   1   -1.79788e-08
98.0194   1   1   5.60659e-09
98.048   1   1   -2.60863e-08
98.0522   1   1   5.58489e-10
98.0564   1   1   4.35089e-10
98.0606   1   1   -2.66884e-08
98.0648   1   1   -2.69969e-08
98.0657   1   1   8.56559e-12
98.0667   1   1   -5.46492e-08
98.0676   1   1   -3.20599e-10
98.0685   1   1   -3.76542e-10
98.0695   1   1   -4.3087e-10
98.0704   1   1   -6.27952e-10
98.0713   1   1   -9.99549e-10
98.0723   1   1   -2.85741e-08
98.077   1   1   -1.75228e-09
98.0816   1   1   -2.1529e-09
98.0863   1   1   -3.07074e-08
98.091   1   1   -3.24874e-08
98.1144   1   1   -3.63867e-08
98.1379   1   1   -3.53463e-08
98.1613   1   1   -3.40788e-08
98.1847   1   1   -3.81823e-08
98.1979   1   1   -4.17737e-08
98.2111   1   1   -4.10684e-08
98.2243   1   1   1.53131e-08
98.2375   1   1   -4.12099e-08
98.2387   1   1   1.28492e-08
98.24   1   1   -4.15494e-08
98.2412   1   1   -4.13216e-08
98.2424   1   1   -4.14911e-08
98.2436   1   1   -4.18147e-08
98.2449   1   1   -4.16917e-08
98.2461   1   1   1.29538e-08
98.2473   1   1   -4.17302e-08
98.2535   1   1   -4.16243e-08
98.2596   1   1   1.26191e-08
98.2658   1   1   8.12785e-09
98.2719   1   1   4.8362e-08
98.3026   1   1   -6.8986e-09
98.3333   1   1   -2.74038e-08
98.364   1   1   2.88186e-08
98.3947   1   1   6.52064e-10
98.4134   1   1   -2.71998e-08
98.4322   1   1   -4.74499e-09
98.4509   1   1   4.54497e-08
98.4696   1   1   4.5e-08
98.4729   1   1   -9.52702e-09
98.4762   1   1   4.48776e-08
98.4794   1   1   -9.66379e-09
98.4827   1   1   -9.73058e-09
98.4836   1   1   -9.75189e-09
98.4845   1   1   -9.77419e-09
98.4854   1   1   -9.79469e-09
98.4863   1   1   -9.81432e-09
98.4873   1   1   4.46183e-08
98.4882   1   1   -9.8517e-09
98.4891   1   1   4.45838e-08
98.49   1   1   4.45684e-08
98.4946   1   1   4.44964e-08
98.4992   1   1   4.43832e-08
98.5037   1   1   4.42664e-08
98.5083   1   1   4.41662e-08
98.5312   1   1   4.37306e-08
98.5541   1   1   -1.13064e-08
98.577   1   1   -1.18734e-08
98.5999   1   1   -1.24737e-08
98.6101   1   1   4.17551e-08
98.6203   1   1   4.17629e-08
98.6305   1   1   -1.26772e-08
98.6408   1   1   -1.29157e-08
98.651   1   1   -1.32479e-08
98.6612   1   1   4.08473e-08
98.6714   1   1   4.04913e-08
98.6816   1   1   4.03934e-08
98.6891   1   1   4.02156e-08
98.6965   1   1   3.99612e-08
98.7039   1   1   4.00942e-08
98.7113   1   1   4.04735e-08
98.7187   1   1   4.03385e-08
98.7261   1   1   -1.44176e-08
98.7335   1   1   3.99832e-08
98.7409   1   1   -1.45275e-08
98.7779   1   1   4.02752e-08
98.815   1   1   4.16997e-08
98.852   1   1   1.44139e-08
98.8891   1   1   1.36778e-08
99.0742   1   1   1.96495e-08
99.2594   1   1   1.59209e-08
99.4446   1   1   -2.04185e-10
99.6298   1   1   2.09189e-08
99.7224   1   1   5.9921e-09
99.8149   1   1   5.25571e-09
99.9075   1   1   7.75556e-09
100   1   1   -1.36221e-09
