# S1 S2 MSE
0.00 0.00 0.09027
0.00 0.10 0.08958
0.00 0.20 0.09431
0.00 0.30 0.13441
0.00 0.40 0.10327
0.00 0.50 0.09472
0.00 0.60 0.12466
0.00 0.70 0.09192
0.00 0.80 0.12216
0.00 0.90 0.08274
0.00 1.00 0.11993
0.00 1.10 0.11539
0.00 1.20 0.10484
0.00 1.30 0.10229
0.00 1.40 0.09256
0.00 1.50 0.11895
0.00 1.60 0.09543
0.00 1.70 0.11400
0.00 1.80 0.09607
0.00 1.90 0.09988
0.00 2.00 0.10429
0.00 2.10 0.09243
0.00 2.20 0.11385
0.00 2.30 0.09155
0.00 2.40 0.11397
0.00 2.50 0.10631
0.00 2.60 0.11152
0.00 2.70 0.08237
0.00 2.80 0.07931
0.00 2.90 0.11240
0.00 3.00 0.10537

0.10 0.00 0.11592
0.10 0.10 0.08574
0.10 0.20 0.13018
0.10 0.30 0.10191
0.10 0.40 0.11278
0.10 0.50 0.11260
0.10 0.60 0.09415
0.10 0.70 0.11547
0.10 0.80 0.11146
0.10 0.90 0.11549
0.10 1.00 0.09465
0.10 1.10 0.14474
0.10 1.20 0.11965
0.10 1.30 0.12729
0.10 1.40 0.09601
0.10 1.50 0.09219
0.10 1.60 0.09556
0.10 1.70 0.08452
0.10 1.80 0.10219
0.10 1.90 0.11511
0.10 2.00 0.09121
0.10 2.10 0.08713
0.10 2.20 0.10103
0.10 2.30 0.09047
0.10 2.40 0.11656
0.10 2.50 0.11528
0.10 2.60 0.09410
0.10 2.70 0.09880
0.10 2.80 0.11467
0.10 2.90 0.08080
0.10 3.00 0.09029

0.20 0.00 0.14659
0.20 0.10 0.09811
0.20 0.20 0.11212
0.20 0.30 0.14849
0.20 0.40 0.12791
0.20 0.50 0.09033
0.20 0.60 0.12064
0.20 0.70 0.08594
0.20 0.80 0.11876
0.20 0.90 0.13797
0.20 1.00 0.11620
0.20 1.10 0.12069
0.20 1.20 0.09114
0.20 1.30 0.10661
0.20 1.40 0.12301
0.20 1.50 0.12260
0.20 1.60 0.12340
0.20 1.70 0.10716
0.20 1.80 0.10763
0.20 1.90 0.13446
0.20 2.00 0.09856
0.20 2.10 0.13457
0.20 2.20 0.09788
0.20 2.30 0.12197
0.20 2.40 0.10494
0.20 2.50 0.10778
0.20 2.60 0.13257
0.20 2.70 0.14355
0.20 2.80 0.12876
0.20 2.90 0.09824
0.20 3.00 0.12244

0.30 0.00 0.17696
0.30 0.10 0.12675
0.30 0.20 0.11670
0.30 0.30 0.09153
0.30 0.40 0.14082
0.30 0.50 0.09693
0.30 0.60 0.09704
0.30 0.70 0.14507
0.30 0.80 0.14642
0.30 0.90 0.08454
0.30 1.00 0.13124
0.30 1.10 0.12661
0.30 1.20 0.14218
0.30 1.30 0.14016
0.30 1.40 0.09733
0.30 1.50 0.12849
0.30 1.60 0.10449
0.30 1.70 0.15717
0.30 1.80 0.12828
0.30 1.90 0.08200
0.30 2.00 0.15190
0.30 2.10 0.18453
0.30 2.20 0.16925
0.30 2.30 0.16496
0.30 2.40 0.12568
0.30 2.50 0.11874
0.30 2.60 0.13326
0.30 2.70 0.11953
0.30 2.80 0.09588
0.30 2.90 0.12190
0.30 3.00 0.13823

0.40 0.00 0.23566
0.40 0.10 0.17843
0.40 0.20 0.12725
0.40 0.30 0.14794
0.40 0.40 0.12132
0.40 0.50 0.12096
0.40 0.60 0.13108
0.40 0.70 0.15453
0.40 0.80 0.11169
0.40 0.90 0.12513
0.40 1.00 0.11548
0.40 1.10 0.14894
0.40 1.20 0.12491
0.40 1.30 0.16685
0.40 1.40 0.15946
0.40 1.50 0.15597
0.40 1.60 0.14622
0.40 1.70 0.11086
0.40 1.80 0.13761
0.40 1.90 0.12651
0.40 2.00 0.18597
0.40 2.10 0.15657
0.40 2.20 0.14603
0.40 2.30 0.13182
0.40 2.40 0.16027
0.40 2.50 0.19153
0.40 2.60 0.14289
0.40 2.70 0.11143
0.40 2.80 0.14925
0.40 2.90 0.15374
0.40 3.00 0.14475

0.50 0.00 0.33865
0.50 0.10 0.22419
0.50 0.20 0.17981
0.50 0.30 0.13010
0.50 0.40 0.12742
0.50 0.50 0.10532
0.50 0.60 0.10394
0.50 0.70 0.14682
0.50 0.80 0.15566
0.50 0.90 0.13821
0.50 1.00 0.16823
0.50 1.10 0.18341
0.50 1.20 0.16894
0.50 1.30 0.13305
0.50 1.40 0.10812
0.50 1.50 0.21516
0.50 1.60 0.14570
0.50 1.70 0.13076
0.50 1.80 0.15673
0.50 1.90 0.12298
0.50 2.00 0.13544
0.50 2.10 0.17179
0.50 2.20 0.17390
0.50 2.30 0.17617
0.50 2.40 0.14477
0.50 2.50 0.21035
0.50 2.60 0.12599
0.50 2.70 0.10933
0.50 2.80 0.14710
0.50 2.90 0.14695
0.50 3.00 0.15641

0.60 0.00 0.36163
0.60 0.10 0.22820
0.60 0.20 0.19485
0.60 0.30 0.18009
0.60 0.40 0.15535
0.60 0.50 0.15356
0.60 0.60 0.10716
0.60 0.70 0.09650
0.60 0.80 0.13718
0.60 0.90 0.12445
0.60 1.00 0.14332
0.60 1.10 0.16725
0.60 1.20 0.14251
0.60 1.30 0.13574
0.60 1.40 0.13591
0.60 1.50 0.13522
0.60 1.60 0.15673
0.60 1.70 0.16072
0.60 1.80 0.15450
0.60 1.90 0.09634
0.60 2.00 0.15699
0.60 2.10 0.15246
0.60 2.20 0.15167
0.60 2.30 0.15734
0.60 2.40 0.10973
0.60 2.50 0.17097
0.60 2.60 0.20908
0.60 2.70 0.17552
0.60 2.80 0.15725
0.60 2.90 0.14294
0.60 3.00 0.13163

0.70 0.00 0.38766
0.70 0.10 0.29385
0.70 0.20 0.23099
0.70 0.30 0.19720
0.70 0.40 0.12723
0.70 0.50 0.15518
0.70 0.60 0.19471
0.70 0.70 0.10822
0.70 0.80 0.11447
0.70 0.90 0.15184
0.70 1.00 0.11813
0.70 1.10 0.14405
0.70 1.20 0.15823
0.70 1.30 0.14643
0.70 1.40 0.13342
0.70 1.50 0.16462
0.70 1.60 0.16105
0.70 1.70 0.16827
0.70 1.80 0.13416
0.70 1.90 0.16914
0.70 2.00 0.18455
0.70 2.10 0.19276
0.70 2.20 0.19325
0.70 2.30 0.17374
0.70 2.40 0.15763
0.70 2.50 0.12122
0.70 2.60 0.15471
0.70 2.70 0.13844
0.70 2.80 0.12032
0.70 2.90 0.15823
0.70 3.00 0.16828

0.80 0.00 0.52062
0.80 0.10 0.34716
0.80 0.20 0.23424
0.80 0.30 0.27427
0.80 0.40 0.18187
0.80 0.50 0.15284
0.80 0.60 0.17513
0.80 0.70 0.17825
0.80 0.80 0.06959
0.80 0.90 0.10649
0.80 1.00 0.10812
0.80 1.10 0.10541
0.80 1.20 0.17593
0.80 1.30 0.15217
0.80 1.40 0.19350
0.80 1.50 0.14063
0.80 1.60 0.13037
0.80 1.70 0.14534
0.80 1.80 0.14750
0.80 1.90 0.16764
0.80 2.00 0.15296
0.80 2.10 0.17171
0.80 2.20 0.18011
0.80 2.30 0.12026
0.80 2.40 0.15821
0.80 2.50 0.13948
0.80 2.60 0.17647
0.80 2.70 0.15348
0.80 2.80 0.11509
0.80 2.90 0.20438
0.80 3.00 0.16512

0.90 0.00 0.62144
0.90 0.10 0.40726
0.90 0.20 0.32558
0.90 0.30 0.33040
0.90 0.40 0.21477
0.90 0.50 0.19093
0.90 0.60 0.19391
0.90 0.70 0.23620
0.90 0.80 0.16815
0.90 0.90 0.15130
0.90 1.00 0.09627
0.90 1.10 0.15016
0.90 1.20 0.14413
0.90 1.30 0.11217
0.90 1.40 0.11691
0.90 1.50 0.15153
0.90 1.60 0.14420
0.90 1.70 0.11289
0.90 1.80 0.19375
0.90 1.90 0.16890
0.90 2.00 0.14731
0.90 2.10 0.14427
0.90 2.20 0.14995
0.90 2.30 0.12705
0.90 2.40 0.18648
0.90 2.50 0.21598
0.90 2.60 0.11176
0.90 2.70 0.10765
0.90 2.80 0.17044
0.90 2.90 0.18647
0.90 3.00 0.16530

1.00 0.00 0.68701
1.00 0.10 0.51292
1.00 0.20 0.38254
1.00 0.30 0.26157
1.00 0.40 0.23849
1.00 0.50 0.16696
1.00 0.60 0.21546
1.00 0.70 0.25528
1.00 0.80 0.26617
1.00 0.90 0.12138
1.00 1.00 0.09358
1.00 1.10 0.09083
1.00 1.20 0.12703
1.00 1.30 0.12395
1.00 1.40 0.12898
1.00 1.50 0.15731
1.00 1.60 0.14744
1.00 1.70 0.11970
1.00 1.80 0.13515
1.00 1.90 0.15686
1.00 2.00 0.13664
1.00 2.10 0.17551
1.00 2.20 0.13020
1.00 2.30 0.18051
1.00 2.40 0.19096
1.00 2.50 0.15111
1.00 2.60 0.15302
1.00 2.70 0.13359
1.00 2.80 0.16593
1.00 2.90 0.17405
1.00 3.00 0.13701

1.10 0.00 0.56481
1.10 0.10 0.58380
1.10 0.20 0.41973
1.10 0.30 0.36362
1.10 0.40 0.34422
1.10 0.50 0.24486
1.10 0.60 0.25970
1.10 0.70 0.26218
1.10 0.80 0.31727
1.10 0.90 0.23992
1.10 1.00 0.12091
1.10 1.10 0.10988
1.10 1.20 0.14416
1.10 1.30 0.11040
1.10 1.40 0.14291
1.10 1.50 0.10568
1.10 1.60 0.14888
1.10 1.70 0.12728
1.10 1.80 0.16376
1.10 1.90 0.11145
1.10 2.00 0.15072
1.10 2.10 0.13886
1.10 2.20 0.14506
1.10 2.30 0.20998
1.10 2.40 0.19513
1.10 2.50 0.14428
1.10 2.60 0.14202
1.10 2.70 0.18794
1.10 2.80 0.11970
1.10 2.90 0.14647
1.10 3.00 0.14548

1.20 0.00 0.81533
1.20 0.10 0.55881
1.20 0.20 0.50325
1.20 0.30 0.34622
1.20 0.40 0.40217
1.20 0.50 0.25280
1.20 0.60 0.30342
1.20 0.70 0.22392
1.20 0.80 0.28671
1.20 0.90 0.35292
1.20 1.00 0.23550
1.20 1.10 0.12126
1.20 1.20 0.09988
1.20 1.30 0.11652
1.20 1.40 0.11390
1.20 1.50 0.16635
1.20 1.60 0.12387
1.20 1.70 0.13309
1.20 1.80 0.11578
1.20 1.90 0.12749
1.20 2.00 0.16571
1.20 2.10 0.11229
1.20 2.20 0.12842
1.20 2.30 0.13870
1.20 2.40 0.14374
1.20 2.50 0.13809
1.20 2.60 0.13593
1.20 2.70 0.13561
1.20 2.80 0.16178
1.20 2.90 0.10805
1.20 3.00 0.12288

1.30 0.00 0.80890
1.30 0.10 0.54443
1.30 0.20 0.66841
1.30 0.30 0.54074
1.30 0.40 0.42331
1.30 0.50 0.40527
1.30 0.60 0.30460
1.30 0.70 0.26445
1.30 0.80 0.29203
1.30 0.90 0.32987
1.30 1.00 0.30467
1.30 1.10 0.14005
1.30 1.20 0.07972
1.30 1.30 0.09262
1.30 1.40 0.10315
1.30 1.50 0.12444
1.30 1.60 0.12935
1.30 1.70 0.12870
1.30 1.80 0.15810
1.30 1.90 0.13408
1.30 2.00 0.13055
1.30 2.10 0.13178
1.30 2.20 0.10701
1.30 2.30 0.15844
1.30 2.40 0.10246
1.30 2.50 0.17019
1.30 2.60 0.19767
1.30 2.70 0.14429
1.30 2.80 0.17463
1.30 2.90 0.14186
1.30 3.00 0.12629

1.40 0.00 0.89240
1.40 0.10 0.69604
1.40 0.20 0.45472
1.40 0.30 0.59708
1.40 0.40 0.45111
1.40 0.50 0.35923
1.40 0.60 0.35576
1.40 0.70 0.33687
1.40 0.80 0.38371
1.40 0.90 0.34345
1.40 1.00 0.35137
1.40 1.10 0.18077
1.40 1.20 0.14437
1.40 1.30 0.08817
1.40 1.40 0.11571
1.40 1.50 0.10516
1.40 1.60 0.09919
1.40 1.70 0.10574
1.40 1.80 0.11893
1.40 1.90 0.12967
1.40 2.00 0.13375
1.40 2.10 0.09877
1.40 2.20 0.14677
1.40 2.30 0.16940
1.40 2.40 0.13865
1.40 2.50 0.12915
1.40 2.60 0.13305
1.40 2.70 0.15848
1.40 2.80 0.15479
1.40 2.90 0.11761
1.40 3.00 0.16179

1.50 0.00 1.06926
1.50 0.10 0.69534
1.50 0.20 0.51882
1.50 0.30 0.46976
1.50 0.40 0.44171
1.50 0.50 0.34013
1.50 0.60 0.34442
1.50 0.70 0.30480
1.50 0.80 0.34320
1.50 0.90 0.36770
1.50 1.00 0.40275
1.50 1.10 0.33318
1.50 1.20 0.20102
1.50 1.30 0.11013
1.50 1.40 0.10469
1.50 1.50 0.10594
1.50 1.60 0.11859
1.50 1.70 0.12287
1.50 1.80 0.09652
1.50 1.90 0.12332
1.50 2.00 0.14385
1.50 2.10 0.14223
1.50 2.20 0.12215
1.50 2.30 0.11808
1.50 2.40 0.10108
1.50 2.50 0.11005
1.50 2.60 0.11465
1.50 2.70 0.10170
1.50 2.80 0.14435
1.50 2.90 0.16541
1.50 3.00 0.13094

1.60 0.00 0.88588
1.60 0.10 0.73135
1.60 0.20 0.71723
1.60 0.30 0.58965
1.60 0.40 0.43116
1.60 0.50 0.36121
1.60 0.60 0.40671
1.60 0.70 0.36815
1.60 0.80 0.28646
1.60 0.90 0.36943
1.60 1.00 0.47319
1.60 1.10 0.44314
1.60 1.20 0.20112
1.60 1.30 0.12686
1.60 1.40 0.12682
1.60 1.50 0.09378
1.60 1.60 0.11099
1.60 1.70 0.10924
1.60 1.80 0.12836
1.60 1.90 0.09792
1.60 2.00 0.10576
1.60 2.10 0.12299
1.60 2.20 0.11765
1.60 2.30 0.14700
1.60 2.40 0.14163
1.60 2.50 0.13775
1.60 2.60 0.12481
1.60 2.70 0.13628
1.60 2.80 0.14546
1.60 2.90 0.14102
1.60 3.00 0.13007

1.70 0.00 0.92118
1.70 0.10 1.05018
1.70 0.20 0.58779
1.70 0.30 0.56602
1.70 0.40 0.52999
1.70 0.50 0.42952
1.70 0.60 0.39644
1.70 0.70 0.36157
1.70 0.80 0.37906
1.70 0.90 0.38106
1.70 1.00 0.38582
1.70 1.10 0.45437
1.70 1.20 0.26306
1.70 1.30 0.19637
1.70 1.40 0.13230
1.70 1.50 0.12686
1.70 1.60 0.11223
1.70 1.70 0.10761
1.70 1.80 0.11790
1.70 1.90 0.11688
1.70 2.00 0.11834
1.70 2.10 0.11122
1.70 2.20 0.09605
1.70 2.30 0.13333
1.70 2.40 0.12758
1.70 2.50 0.10725
1.70 2.60 0.12090
1.70 2.70 0.10016
1.70 2.80 0.13556
1.70 2.90 0.11426
1.70 3.00 0.13468

1.80 0.00 0.95274
1.80 0.10 0.61881
1.80 0.20 0.87493
1.80 0.30 0.56294
1.80 0.40 0.51897
1.80 0.50 0.34676
1.80 0.60 0.38173
1.80 0.70 0.35747
1.80 0.80 0.44590
1.80 0.90 0.43584
1.80 1.00 0.38707
1.80 1.10 0.44563
1.80 1.20 0.29313
1.80 1.30 0.23351
1.80 1.40 0.19730
1.80 1.50 0.11251
1.80 1.60 0.12560
1.80 1.70 0.09558
1.80 1.80 0.09764
1.80 1.90 0.08505
1.80 2.00 0.09606
1.80 2.10 0.08655
1.80 2.20 0.11524
1.80 2.30 0.14304
1.80 2.40 0.09026
1.80 2.50 0.13502
1.80 2.60 0.11392
1.80 2.70 0.10548
1.80 2.80 0.13074
1.80 2.90 0.12450
1.80 3.00 0.08999

1.90 0.00 1.14049
1.90 0.10 0.78681
1.90 0.20 0.79365
1.90 0.30 0.60997
1.90 0.40 0.39974
1.90 0.50 0.45334
1.90 0.60 0.40284
1.90 0.70 0.32530
1.90 0.80 0.44337
1.90 0.90 0.36399
1.90 1.00 0.43531
1.90 1.10 0.36857
1.90 1.20 0.28705
1.90 1.30 0.25019
1.90 1.40 0.20190
1.90 1.50 0.13543
1.90 1.60 0.12054
1.90 1.70 0.08879
1.90 1.80 0.12031
1.90 1.90 0.11070
1.90 2.00 0.13849
1.90 2.10 0.10018
1.90 2.20 0.10005
1.90 2.30 0.11486
1.90 2.40 0.09202
1.90 2.50 0.10374
1.90 2.60 0.14462
1.90 2.70 0.13493
1.90 2.80 0.12393
1.90 2.90 0.09670
1.90 3.00 0.10317

2.00 0.00 1.11496
2.00 0.10 0.96650
2.00 0.20 0.65512
2.00 0.30 0.76242
2.00 0.40 0.49300
2.00 0.50 0.48379
2.00 0.60 0.39555
2.00 0.70 0.38005
2.00 0.80 0.44182
2.00 0.90 0.33095
2.00 1.00 0.40579
2.00 1.10 0.49547
2.00 1.20 0.34470
2.00 1.30 0.25030
2.00 1.40 0.14401
2.00 1.50 0.17264
2.00 1.60 0.13071
2.00 1.70 0.13622
2.00 1.80 0.08502
2.00 1.90 0.09084
2.00 2.00 0.09865
2.00 2.10 0.14080
2.00 2.20 0.11230
2.00 2.30 0.11830
2.00 2.40 0.10697
2.00 2.50 0.11241
2.00 2.60 0.13191
2.00 2.70 0.08968
2.00 2.80 0.10626
2.00 2.90 0.12905
2.00 3.00 0.11722

2.10 0.00 0.91721
2.10 0.10 0.70871
2.10 0.20 0.59366
2.10 0.30 0.78075
2.10 0.40 0.60760
2.10 0.50 0.61258
2.10 0.60 0.43620
2.10 0.70 0.44650
2.10 0.80 0.42057
2.10 0.90 0.45883
2.10 1.00 0.40217
2.10 1.10 0.49426
2.10 1.20 0.47779
2.10 1.30 0.28517
2.10 1.40 0.22712
2.10 1.50 0.13963
2.10 1.60 0.11351
2.10 1.70 0.12368
2.10 1.80 0.10616
2.10 1.90 0.10915
2.10 2.00 0.07955
2.10 2.10 0.09982
2.10 2.20 0.11499
2.10 2.30 0.09569
2.10 2.40 0.12537
2.10 2.50 0.15154
2.10 2.60 0.10931
2.10 2.70 0.10336
2.10 2.80 0.11145
2.10 2.90 0.09208
2.10 3.00 0.09810

2.20 0.00 1.27911
2.20 0.10 0.99116
2.20 0.20 0.91893
2.20 0.30 0.82216
2.20 0.40 0.65019
2.20 0.50 0.51515
2.20 0.60 0.48287
2.20 0.70 0.40967
2.20 0.80 0.40897
2.20 0.90 0.35064
2.20 1.00 0.45031
2.20 1.10 0.39823
2.20 1.20 0.48990
2.20 1.30 0.28258
2.20 1.40 0.22169
2.20 1.50 0.17894
2.20 1.60 0.13628
2.20 1.70 0.10308
2.20 1.80 0.13764
2.20 1.90 0.12557
2.20 2.00 0.10739
2.20 2.10 0.10451
2.20 2.20 0.13495
2.20 2.30 0.11149
2.20 2.40 0.09950
2.20 2.50 0.10598
2.20 2.60 0.08592
2.20 2.70 0.09776
2.20 2.80 0.11888
2.20 2.90 0.09663
2.20 3.00 0.11002

2.30 0.00 1.11959
2.30 0.10 1.10893
2.30 0.20 0.61780
2.30 0.30 0.56944
2.30 0.40 0.50990
2.30 0.50 0.34983
2.30 0.60 0.49364
2.30 0.70 0.33593
2.30 0.80 0.53920
2.30 0.90 0.46862
2.30 1.00 0.33670
2.30 1.10 0.46496
2.30 1.20 0.63952
2.30 1.30 0.41183
2.30 1.40 0.21720
2.30 1.50 0.16838
2.30 1.60 0.11981
2.30 1.70 0.13466
2.30 1.80 0.13489
2.30 1.90 0.13802
2.30 2.00 0.08897
2.30 2.10 0.09659
2.30 2.20 0.08761
2.30 2.30 0.12395
2.30 2.40 0.10314
2.30 2.50 0.10206
2.30 2.60 0.08339
2.30 2.70 0.10670
2.30 2.80 0.11178
2.30 2.90 0.09067
2.30 3.00 0.11502

2.40 0.00 1.10571
2.40 0.10 0.80271
2.40 0.20 0.86028
2.40 0.30 0.72876
2.40 0.40 0.61549
2.40 0.50 0.56461
2.40 0.60 0.51285
2.40 0.70 0.47477
2.40 0.80 0.40085
2.40 0.90 0.43416
2.40 1.00 0.38676
2.40 1.10 0.44614
2.40 1.20 0.53405
2.40 1.30 0.32651
2.40 1.40 0.21424
2.40 1.50 0.22065
2.40 1.60 0.12274
2.40 1.70 0.14928
2.40 1.80 0.12768
2.40 1.90 0.11433
2.40 2.00 0.11300
2.40 2.10 0.10680
2.40 2.20 0.11769
2.40 2.30 0.10919
2.40 2.40 0.08574
2.40 2.50 0.10704
2.40 2.60 0.10741
2.40 2.70 0.09501
2.40 2.80 0.09167
2.40 2.90 0.11862
2.40 3.00 0.08643

2.50 0.00 0.87950
2.50 0.10 0.93868
2.50 0.20 0.73371
2.50 0.30 0.48474
2.50 0.40 0.91015
2.50 0.50 0.32635
2.50 0.60 0.45201
2.50 0.70 0.50378
2.50 0.80 0.48889
2.50 0.90 0.39050
2.50 1.00 0.48062
2.50 1.10 0.56830
2.50 1.20 0.54884
2.50 1.30 0.41647
2.50 1.40 0.17930
2.50 1.50 0.14637
2.50 1.60 0.18164
2.50 1.70 0.13103
2.50 1.80 0.14688
2.50 1.90 0.11411
2.50 2.00 0.15935
2.50 2.10 0.11098
2.50 2.20 0.10001
2.50 2.30 0.09632
2.50 2.40 0.13094
2.50 2.50 0.10958
2.50 2.60 0.10342
2.50 2.70 0.08852
2.50 2.80 0.13488
2.50 2.90 0.08399
2.50 3.00 0.13159

2.60 0.00 1.14617
2.60 0.10 0.94967
2.60 0.20 0.72920
2.60 0.30 0.83192
2.60 0.40 0.66473
2.60 0.50 0.56187
2.60 0.60 0.41024
2.60 0.70 0.36745
2.60 0.80 0.47123
2.60 0.90 0.53597
2.60 1.00 0.48541
2.60 1.10 0.53824
2.60 1.20 0.45807
2.60 1.30 0.38802
2.60 1.40 0.22087
2.60 1.50 0.23020
2.60 1.60 0.18194
2.60 1.70 0.19208
2.60 1.80 0.12925
2.60 1.90 0.12579
2.60 2.00 0.10985
2.60 2.10 0.13231
2.60 2.20 0.09834
2.60 2.30 0.10098
2.60 2.40 0.10489
2.60 2.50 0.13257
2.60 2.60 0.10295
2.60 2.70 0.08761
2.60 2.80 0.10517
2.60 2.90 0.09013
2.60 3.00 0.09861

2.70 0.00 1.12159
2.70 0.10 0.94483
2.70 0.20 0.83516
2.70 0.30 0.70516
2.70 0.40 0.51893
2.70 0.50 0.59942
2.70 0.60 0.39847
2.70 0.70 0.44259
2.70 0.80 0.36290
2.70 0.90 0.50039
2.70 1.00 0.42575
2.70 1.10 0.49997
2.70 1.20 0.50375
2.70 1.30 0.26887
2.70 1.40 0.21017
2.70 1.50 0.15221
2.70 1.60 0.16753
2.70 1.70 0.15743
2.70 1.80 0.12511
2.70 1.90 0.14736
2.70 2.00 0.12067
2.70 2.10 0.15000
2.70 2.20 0.10766
2.70 2.30 0.10345
2.70 2.40 0.10734
2.70 2.50 0.10535
2.70 2.60 0.10330
2.70 2.70 0.10417
2.70 2.80 0.10928
2.70 2.90 0.09673
2.70 3.00 0.10287

2.80 0.00 1.07194
2.80 0.10 1.00170
2.80 0.20 0.86425
2.80 0.30 0.63123
2.80 0.40 0.64862
2.80 0.50 0.61966
2.80 0.60 0.48567
2.80 0.70 0.42404
2.80 0.80 0.36711
2.80 0.90 0.49991
2.80 1.00 0.50902
2.80 1.10 0.48420
2.80 1.20 0.57196
2.80 1.30 0.43989
2.80 1.40 0.26010
2.80 1.50 0.21207
2.80 1.60 0.16818
2.80 1.70 0.13577
2.80 1.80 0.14031
2.80 1.90 0.12821
2.80 2.00 0.12806
2.80 2.10 0.11210
2.80 2.20 0.10832
2.80 2.30 0.12532
2.80 2.40 0.11209
2.80 2.50 0.13927
2.80 2.60 0.11795
2.80 2.70 0.09705
2.80 2.80 0.11184
2.80 2.90 0.10331
2.80 3.00 0.09502

2.90 0.00 0.95581
2.90 0.10 0.88121
2.90 0.20 0.79459
2.90 0.30 0.93440
2.90 0.40 0.59901
2.90 0.50 0.44573
2.90 0.60 0.54285
2.90 0.70 0.32290
2.90 0.80 0.40591
2.90 0.90 0.66817
2.90 1.00 0.45461
2.90 1.10 0.45496
2.90 1.20 0.62348
2.90 1.30 0.36728
2.90 1.40 0.29041
2.90 1.50 0.19965
2.90 1.60 0.16883
2.90 1.70 0.17046
2.90 1.80 0.08238
2.90 1.90 0.15510
2.90 2.00 0.14369
2.90 2.10 0.14694
2.90 2.20 0.13997
2.90 2.30 0.08392
2.90 2.40 0.12450
2.90 2.50 0.11145
2.90 2.60 0.08565
2.90 2.70 0.14127
2.90 2.80 0.12487
2.90 2.90 0.12067
2.90 3.00 0.13198

3.00 0.00 1.26929
3.00 0.10 0.95372
3.00 0.20 0.67027
3.00 0.30 0.73096
3.00 0.40 0.78844
3.00 0.50 0.67288
3.00 0.60 0.49336
3.00 0.70 0.43606
3.00 0.80 0.50405
3.00 0.90 0.47299
3.00 1.00 0.44171
3.00 1.10 0.72892
3.00 1.20 0.57466
3.00 1.30 0.42160
3.00 1.40 0.27035
3.00 1.50 0.20722
3.00 1.60 0.20726
3.00 1.70 0.12908
3.00 1.80 0.16716
3.00 1.90 0.11555
3.00 2.00 0.13990
3.00 2.10 0.13427
3.00 2.20 0.14573
3.00 2.30 0.10070
3.00 2.40 0.10391
3.00 2.50 0.10008
3.00 2.60 0.09384
3.00 2.70 0.11438
3.00 2.80 0.12246
3.00 2.90 0.15672
3.00 3.00 0.11031

