# S1 S2 MSE
0.00 0.00 0.00000
0.00 0.10 0.00000
0.00 0.20 0.00000
0.00 0.30 0.00000
0.00 0.40 0.00000
0.00 0.50 0.00000
0.00 0.60 0.00000
0.00 0.70 0.00000
0.00 0.80 0.00000
0.00 0.90 0.00000
0.00 1.00 0.00000
0.00 1.10 0.00000
0.00 1.20 0.00000
0.00 1.30 0.00000
0.00 1.40 0.00000
0.00 1.50 0.00000
0.00 1.60 0.00000
0.00 1.70 0.00000
0.00 1.80 0.00000
0.00 1.90 0.00000
0.00 2.00 0.00000
0.00 2.10 0.00000
0.00 2.20 0.00000
0.00 2.30 0.00000
0.00 2.40 0.00000
0.00 2.50 0.00000
0.00 2.60 0.00000
0.00 2.70 0.00000
0.00 2.80 0.00000
0.00 2.90 0.00000
0.00 3.00 0.00000

0.10 0.00 0.00933
0.10 0.10 0.00006
0.10 0.20 0.00310
0.10 0.30 0.00329
0.10 0.40 0.00342
0.10 0.50 0.00359
0.10 0.60 0.00386
0.10 0.70 0.00334
0.10 0.80 0.00266
0.10 0.90 0.00306
0.10 1.00 0.00303
0.10 1.10 0.00359
0.10 1.20 0.00291
0.10 1.30 0.00324
0.10 1.40 0.00328
0.10 1.50 0.00328
0.10 1.60 0.00332
0.10 1.70 0.00309
0.10 1.80 0.00322
0.10 1.90 0.00341
0.10 2.00 0.00352
0.10 2.10 0.00342
0.10 2.20 0.00385
0.10 2.30 0.00375
0.10 2.40 0.00321
0.10 2.50 0.00346
0.10 2.60 0.00333
0.10 2.70 0.00323
0.10 2.80 0.00263
0.10 2.90 0.00361
0.10 3.00 0.00364

0.20 0.00 0.03571
0.20 0.10 0.00873
0.20 0.20 0.00002
0.20 0.30 0.00909
0.20 0.40 0.01041
0.20 0.50 0.00975
0.20 0.60 0.01047
0.20 0.70 0.01001
0.20 0.80 0.00952
0.20 0.90 0.01138
0.20 1.00 0.00921
0.20 1.10 0.01045
0.20 1.20 0.01106
0.20 1.30 0.00990
0.20 1.40 0.01044
0.20 1.50 0.01060
0.20 1.60 0.00787
0.20 1.70 0.00936
0.20 1.80 0.01177
0.20 1.90 0.01174
0.20 2.00 0.01048
0.20 2.10 0.01083
0.20 2.20 0.01220
0.20 2.30 0.01104
0.20 2.40 0.01265
0.20 2.50 0.01106
0.20 2.60 0.00990
0.20 2.70 0.01204
0.20 2.80 0.01006
0.20 2.90 0.00996
0.20 3.00 0.01471

0.30 0.00 0.07572
0.30 0.10 0.03375
0.30 0.20 0.01026
0.30 0.30 0.00000
0.30 0.40 0.01610
0.30 0.50 0.02042
0.30 0.60 0.02341
0.30 0.70 0.01950
0.30 0.80 0.01754
0.30 0.90 0.02057
0.30 1.00 0.02621
0.30 1.10 0.02226
0.30 1.20 0.01985
0.30 1.30 0.01989
0.30 1.40 0.02103
0.30 1.50 0.01877
0.30 1.60 0.02073
0.30 1.70 0.02283
0.30 1.80 0.02161
0.30 1.90 0.02060
0.30 2.00 0.02160
0.30 2.10 0.01994
0.30 2.20 0.02712
0.30 2.30 0.02047
0.30 2.40 0.01952
0.30 2.50 0.02250
0.30 2.60 0.01886
0.30 2.70 0.02134
0.30 2.80 0.02567
0.30 2.90 0.01993
0.30 3.00 0.02416

0.40 0.00 0.12248
0.40 0.10 0.07187
0.40 0.20 0.03127
0.40 0.30 0.01571
0.40 0.40 0.00000
0.40 0.50 0.01713
0.40 0.60 0.02656
0.40 0.70 0.02910
0.40 0.80 0.03319
0.40 0.90 0.02942
0.40 1.00 0.03050
0.40 1.10 0.03176
0.40 1.20 0.02712
0.40 1.30 0.03102
0.40 1.40 0.02641
0.40 1.50 0.03314
0.40 1.60 0.03157
0.40 1.70 0.03404
0.40 1.80 0.03456
0.40 1.90 0.03152
0.40 2.00 0.03181
0.40 2.10 0.03228
0.40 2.20 0.02976
0.40 2.30 0.02590
0.40 2.40 0.03248
0.40 2.50 0.02753
0.40 2.60 0.03281
0.40 2.70 0.03555
0.40 2.80 0.03039
0.40 2.90 0.02964
0.40 3.00 0.02618

0.50 0.00 0.18006
0.50 0.10 0.11544
0.50 0.20 0.06530
0.50 0.30 0.03398
0.50 0.40 0.01639
0.50 0.50 0.00000
0.50 0.60 0.01944
0.50 0.70 0.03118
0.50 0.80 0.03549
0.50 0.90 0.03304
0.50 1.00 0.03915
0.50 1.10 0.04865
0.50 1.20 0.03539
0.50 1.30 0.03503
0.50 1.40 0.03910
0.50 1.50 0.03737
0.50 1.60 0.05115
0.50 1.70 0.04536
0.50 1.80 0.03848
0.50 1.90 0.04624
0.50 2.00 0.03916
0.50 2.10 0.04955
0.50 2.20 0.04470
0.50 2.30 0.03978
0.50 2.40 0.03807
0.50 2.50 0.04414
0.50 2.60 0.03912
0.50 2.70 0.04143
0.50 2.80 0.04986
0.50 2.90 0.05438
0.50 3.00 0.03851

0.60 0.00 0.25065
0.60 0.10 0.14518
0.60 0.20 0.11086
0.60 0.30 0.06407
0.60 0.40 0.04327
0.60 0.50 0.03779
0.60 0.60 0.00000
0.60 0.70 0.01460
0.60 0.80 0.02937
0.60 0.90 0.03512
0.60 1.00 0.03509
0.60 1.10 0.04556
0.60 1.20 0.05883
0.60 1.30 0.04683
0.60 1.40 0.05307
0.60 1.50 0.05203
0.60 1.60 0.04418
0.60 1.70 0.04871
0.60 1.80 0.04193
0.60 1.90 0.04366
0.60 2.00 0.03978
0.60 2.10 0.04979
0.60 2.20 0.05261
0.60 2.30 0.05331
0.60 2.40 0.04524
0.60 2.50 0.04592
0.60 2.60 0.04958
0.60 2.70 0.03782
0.60 2.80 0.04410
0.60 2.90 0.06696
0.60 3.00 0.05128

0.70 0.00 0.31577
0.70 0.10 0.25570
0.70 0.20 0.14216
0.70 0.30 0.09861
0.70 0.40 0.06818
0.70 0.50 0.05041
0.70 0.60 0.05611
0.70 0.70 0.00000
0.70 0.80 0.01351
0.70 0.90 0.02571
0.70 1.00 0.03473
0.70 1.10 0.04154
0.70 1.20 0.05069
0.70 1.30 0.05739
0.70 1.40 0.05028
0.70 1.50 0.04985
0.70 1.60 0.04588
0.70 1.70 0.04640
0.70 1.80 0.04514
0.70 1.90 0.06321
0.70 2.00 0.04466
0.70 2.10 0.06081
0.70 2.20 0.05363
0.70 2.30 0.04916
0.70 2.40 0.05884
0.70 2.50 0.06129
0.70 2.60 0.04553
0.70 2.70 0.04591
0.70 2.80 0.04301
0.70 2.90 0.04502
0.70 3.00 0.05413

0.80 0.00 0.44315
0.80 0.10 0.25770
0.80 0.20 0.17913
0.80 0.30 0.13535
0.80 0.40 0.09720
0.80 0.50 0.07102
0.80 0.60 0.06778
0.80 0.70 0.08374
0.80 0.80 0.00000
0.80 0.90 0.01209
0.80 1.00 0.02377
0.80 1.10 0.03214
0.80 1.20 0.03819
0.80 1.30 0.04488
0.80 1.40 0.04255
0.80 1.50 0.05299
0.80 1.60 0.06288
0.80 1.70 0.05532
0.80 1.80 0.05295
0.80 1.90 0.04453
0.80 2.00 0.04686
0.80 2.10 0.04454
0.80 2.20 0.06498
0.80 2.30 0.06126
0.80 2.40 0.08500
0.80 2.50 0.05407
0.80 2.60 0.06083
0.80 2.70 0.04859
0.80 2.80 0.06373
0.80 2.90 0.05772
0.80 3.00 0.06925

0.90 0.00 0.44241
0.90 0.10 0.37689
0.90 0.20 0.25000
0.90 0.30 0.12143
0.90 0.40 0.13000
0.90 0.50 0.10853
0.90 0.60 0.09162
0.90 0.70 0.10251
0.90 0.80 0.05898
0.90 0.90 0.00000
0.90 1.00 0.01048
0.90 1.10 0.02131
0.90 1.20 0.03082
0.90 1.30 0.04537
0.90 1.40 0.04762
0.90 1.50 0.05379
0.90 1.60 0.05339
0.90 1.70 0.04276
0.90 1.80 0.05344
0.90 1.90 0.05152
0.90 2.00 0.05868
0.90 2.10 0.04556
0.90 2.20 0.05213
0.90 2.30 0.07842
0.90 2.40 0.04825
0.90 2.50 0.07217
0.90 2.60 0.07260
0.90 2.70 0.07047
0.90 2.80 0.03428
0.90 2.90 0.04061
0.90 3.00 0.04522

1.00 0.00 0.52384
1.00 0.10 0.37567
1.00 0.20 0.28167
1.00 0.30 0.25189
1.00 0.40 0.19152
1.00 0.50 0.12438
1.00 0.60 0.11068
1.00 0.70 0.13856
1.00 0.80 0.11503
1.00 0.90 0.03735
1.00 1.00 0.00000
1.00 1.10 0.00769
1.00 1.20 0.01903
1.00 1.30 0.03122
1.00 1.40 0.02707
1.00 1.50 0.04082
1.00 1.60 0.04389
1.00 1.70 0.03863
1.00 1.80 0.04331
1.00 1.90 0.05313
1.00 2.00 0.06260
1.00 2.10 0.04507
1.00 2.20 0.05959
1.00 2.30 0.03190
1.00 2.40 0.05088
1.00 2.50 0.04349
1.00 2.60 0.03660
1.00 2.70 0.04589
1.00 2.80 0.05432
1.00 2.90 0.04316
1.00 3.00 0.05518

1.10 0.00 0.62087
1.10 0.10 0.49065
1.10 0.20 0.39579
1.10 0.30 0.31345
1.10 0.40 0.21410
1.10 0.50 0.18189
1.10 0.60 0.15514
1.10 0.70 0.15884
1.10 0.80 0.16118
1.10 0.90 0.16415
1.10 1.00 0.02016
1.10 1.10 0.00000
1.10 1.20 0.00596
1.10 1.30 0.01420
1.10 1.40 0.02608
1.10 1.50 0.03094
1.10 1.60 0.03901
1.10 1.70 0.03162
1.10 1.80 0.04193
1.10 1.90 0.03749
1.10 2.00 0.05128
1.10 2.10 0.07160
1.10 2.20 0.04060
1.10 2.30 0.04138
1.10 2.40 0.06301
1.10 2.50 0.07354
1.10 2.60 0.04476
1.10 2.70 0.05892
1.10 2.80 0.05755
1.10 2.90 0.03362
1.10 3.00 0.04389

1.20 0.00 0.59976
1.20 0.10 0.42505
1.20 0.20 0.37347
1.20 0.30 0.33398
1.20 0.40 0.21540
1.20 0.50 0.21143
1.20 0.60 0.17554
1.20 0.70 0.17120
1.20 0.80 0.13462
1.20 0.90 0.21840
1.20 1.00 0.08593
1.20 1.10 0.01094
1.20 1.20 0.00000
1.20 1.30 0.00485
1.20 1.40 0.01214
1.20 1.50 0.02088
1.20 1.60 0.02858
1.20 1.70 0.03321
1.20 1.80 0.03111
1.20 1.90 0.03637
1.20 2.00 0.03594
1.20 2.10 0.03260
1.20 2.20 0.05756
1.20 2.30 0.04007
1.20 2.40 0.04381
1.20 2.50 0.03587
1.20 2.60 0.05005
1.20 2.70 0.04685
1.20 2.80 0.07541
1.20 2.90 0.08271
1.20 3.00 0.03963

1.30 0.00 0.73024
1.30 0.10 0.47206
1.30 0.20 0.42443
1.30 0.30 0.33790
1.30 0.40 0.29677
1.30 0.50 0.24347
1.30 0.60 0.18615
1.30 0.70 0.18136
1.30 0.80 0.19373
1.30 0.90 0.18027
1.30 1.00 0.25014
1.30 1.10 0.04138
1.30 1.20 0.00661
1.30 1.30 0.00000
1.30 1.40 0.00366
1.30 1.50 0.00818
1.30 1.60 0.01421
1.30 1.70 0.01697
1.30 1.80 0.03179
1.30 1.90 0.03109
1.30 2.00 0.02807
1.30 2.10 0.03786
1.30 2.20 0.04783
1.30 2.30 0.02671
1.30 2.40 0.03788
1.30 2.50 0.03869
1.30 2.60 0.03262
1.30 2.70 0.02226
1.30 2.80 0.03756
1.30 2.90 0.03369
1.30 3.00 0.05652

1.40 0.00 0.70324
1.40 0.10 0.59495
1.40 0.20 0.48084
1.40 0.30 0.38246
1.40 0.40 0.29611
1.40 0.50 0.25918
1.40 0.60 0.21592
1.40 0.70 0.24245
1.40 0.80 0.21971
1.40 0.90 0.24427
1.40 1.00 0.22922
1.40 1.10 0.13713
1.40 1.20 0.02772
1.40 1.30 0.00512
1.40 1.40 0.00000
1.40 1.50 0.00220
1.40 1.60 0.00685
1.40 1.70 0.01477
1.40 1.80 0.01832
1.40 1.90 0.01953
1.40 2.00 0.02141
1.40 2.10 0.03026
1.40 2.20 0.03833
1.40 2.30 0.02111
1.40 2.40 0.01784
1.40 2.50 0.01155
1.40 2.60 0.01879
1.40 2.70 0.05046
1.40 2.80 0.02006
1.40 2.90 0.06250
1.40 3.00 0.04100

1.50 0.00 0.92279
1.50 0.10 0.60513
1.50 0.20 0.50094
1.50 0.30 0.35520
1.50 0.40 0.36289
1.50 0.50 0.29399
1.50 0.60 0.24905
1.50 0.70 0.22902
1.50 0.80 0.22601
1.50 0.90 0.26971
1.50 1.00 0.30733
1.50 1.10 0.20492
1.50 1.20 0.06187
1.50 1.30 0.01973
1.50 1.40 0.00352
1.50 1.50 0.00000
1.50 1.60 0.00218
1.50 1.70 0.00682
1.50 1.80 0.00795
1.50 1.90 0.01323
1.50 2.00 0.01832
1.50 2.10 0.01717
1.50 2.20 0.02297
1.50 2.30 0.02849
1.50 2.40 0.01435
1.50 2.50 0.01696
1.50 2.60 0.01717
1.50 2.70 0.07383
1.50 2.80 0.01528
1.50 2.90 0.03504
1.50 3.00 0.04978

1.60 0.00 0.92713
1.60 0.10 0.68522
1.60 0.20 0.45719
1.60 0.30 0.43518
1.60 0.40 0.39150
1.60 0.50 0.29629
1.60 0.60 0.29177
1.60 0.70 0.18836
1.60 0.80 0.24431
1.60 0.90 0.30127
1.60 1.00 0.32087
1.60 1.10 0.29694
1.60 1.20 0.10293
1.60 1.30 0.04522
1.60 1.40 0.01169
1.60 1.50 0.00276
1.60 1.60 0.00000
1.60 1.70 0.00177
1.60 1.80 0.00397
1.60 1.90 0.00929
1.60 2.00 0.01024
1.60 2.10 0.01664
1.60 2.20 0.02677
1.60 2.30 0.01923
1.60 2.40 0.01921
1.60 2.50 0.00976
1.60 2.60 0.02847
1.60 2.70 0.01424
1.60 2.80 0.02585
1.60 2.90 0.01795
1.60 3.00 0.02218

1.70 0.00 0.93613
1.70 0.10 0.62331
1.70 0.20 0.59767
1.70 0.30 0.40479
1.70 0.40 0.48207
1.70 0.50 0.39089
1.70 0.60 0.24925
1.70 0.70 0.22965
1.70 0.80 0.27308
1.70 0.90 0.27535
1.70 1.00 0.30590
1.70 1.10 0.32271
1.70 1.20 0.13376
1.70 1.30 0.07334
1.70 1.40 0.02616
1.70 1.50 0.00941
1.70 1.60 0.00260
1.70 1.70 0.00000
1.70 1.80 0.00126
1.70 1.90 0.00287
1.70 2.00 0.00480
1.70 2.10 0.01153
1.70 2.20 0.01176
1.70 2.30 0.01414
1.70 2.40 0.01452
1.70 2.50 0.03378
1.70 2.60 0.01716
1.70 2.70 0.00803
1.70 2.80 0.01237
1.70 2.90 0.01278
1.70 3.00 0.02842

1.80 0.00 0.89967
1.80 0.10 0.64112
1.80 0.20 0.78318
1.80 0.30 0.47529
1.80 0.40 0.58388
1.80 0.50 0.38824
1.80 0.60 0.32573
1.80 0.70 0.31671
1.80 0.80 0.27290
1.80 0.90 0.30836
1.80 1.00 0.37597
1.80 1.10 0.30209
1.80 1.20 0.24920
1.80 1.30 0.11313
1.80 1.40 0.04240
1.80 1.50 0.01693
1.80 1.60 0.00644
1.80 1.70 0.00102
1.80 1.80 0.00000
1.80 1.90 0.00083
1.80 2.00 0.00329
1.80 2.10 0.00368
1.80 2.20 0.01313
1.80 2.30 0.00608
1.80 2.40 0.00831
1.80 2.50 0.01576
1.80 2.60 0.00810
1.80 2.70 0.01053
1.80 2.80 0.02135
1.80 2.90 0.01719
1.80 3.00 0.02229

1.90 0.00 1.05303
1.90 0.10 0.67399
1.90 0.20 0.68374
1.90 0.30 0.62102
1.90 0.40 0.46468
1.90 0.50 0.46720
1.90 0.60 0.27042
1.90 0.70 0.37819
1.90 0.80 0.33132
1.90 0.90 0.35572
1.90 1.00 0.32627
1.90 1.10 0.43636
1.90 1.20 0.22878
1.90 1.30 0.13324
1.90 1.40 0.08049
1.90 1.50 0.03159
1.90 1.60 0.01405
1.90 1.70 0.00442
1.90 1.80 0.00087
1.90 1.90 0.00000
1.90 2.00 0.00090
1.90 2.10 0.00250
1.90 2.20 0.00500
1.90 2.30 0.00718
1.90 2.40 0.00941
1.90 2.50 0.00549
1.90 2.60 0.01127
1.90 2.70 0.00930
1.90 2.80 0.01827
1.90 2.90 0.01148
1.90 3.00 0.00602

2.00 0.00 0.97178
2.00 0.10 1.00344
2.00 0.20 0.69933
2.00 0.30 0.42726
2.00 0.40 0.53072
2.00 0.50 0.42403
2.00 0.60 0.36113
2.00 0.70 0.28965
2.00 0.80 0.26313
2.00 0.90 0.32516
2.00 1.00 0.34293
2.00 1.10 0.37916
2.00 1.20 0.35125
2.00 1.30 0.14473
2.00 1.40 0.05741
2.00 1.50 0.02994
2.00 1.60 0.02434
2.00 1.70 0.00876
2.00 1.80 0.00227
2.00 1.90 0.00077
2.00 2.00 0.00000
2.00 2.10 0.00062
2.00 2.20 0.00086
2.00 2.30 0.00190
2.00 2.40 0.00290
2.00 2.50 0.00661
2.00 2.60 0.00922
2.00 2.70 0.00244
2.00 2.80 0.00317
2.00 2.90 0.01395
2.00 3.00 0.01420

2.10 0.00 0.99029
2.10 0.10 0.75836
2.10 0.20 0.55833
2.10 0.30 0.59540
2.10 0.40 0.49105
2.10 0.50 0.31442
2.10 0.60 0.31799
2.10 0.70 0.35812
2.10 0.80 0.31981
2.10 0.90 0.33366
2.10 1.00 0.39716
2.10 1.10 0.41187
2.10 1.20 0.36406
2.10 1.30 0.18887
2.10 1.40 0.07837
2.10 1.50 0.04266
2.10 1.60 0.02567
2.10 1.70 0.00724
2.10 1.80 0.00605
2.10 1.90 0.00178
2.10 2.00 0.00024
2.10 2.10 0.00000
2.10 2.20 0.00030
2.10 2.30 0.00067
2.10 2.40 0.00060
2.10 2.50 0.00369
2.10 2.60 0.00661
2.10 2.70 0.00903
2.10 2.80 0.00605
2.10 2.90 0.01414
2.10 3.00 0.00483

2.20 0.00 1.01144
2.20 0.10 0.77615
2.20 0.20 0.60165
2.20 0.30 0.68889
2.20 0.40 0.46050
2.20 0.50 0.47519
2.20 0.60 0.33577
2.20 0.70 0.25827
2.20 0.80 0.28688
2.20 0.90 0.34623
2.20 1.00 0.45843
2.20 1.10 0.46183
2.20 1.20 0.37109
2.20 1.30 0.22310
2.20 1.40 0.09702
2.20 1.50 0.05586
2.20 1.60 0.04712
2.20 1.70 0.02104
2.20 1.80 0.01150
2.20 1.90 0.00386
2.20 2.00 0.00256
2.20 2.10 0.00041
2.20 2.20 0.00000
2.20 2.30 0.00012
2.20 2.40 0.00052
2.20 2.50 0.00328
2.20 2.60 0.00240
2.20 2.70 0.00061
2.20 2.80 0.00406
2.20 2.90 0.00253
2.20 3.00 0.00949

2.30 0.00 0.80728
2.30 0.10 0.79265
2.30 0.20 0.42543
2.30 0.30 0.45968
2.30 0.40 0.37808
2.30 0.50 0.38465
2.30 0.60 0.39153
2.30 0.70 0.42188
2.30 0.80 0.38110
2.30 0.90 0.35760
2.30 1.00 0.40585
2.30 1.10 0.37863
2.30 1.20 0.37777
2.30 1.30 0.20183
2.30 1.40 0.11801
2.30 1.50 0.07434
2.30 1.60 0.02342
2.30 1.70 0.01702
2.30 1.80 0.02005
2.30 1.90 0.00854
2.30 2.00 0.00352
2.30 2.10 0.00153
2.30 2.20 0.00062
2.30 2.30 0.00000
2.30 2.40 0.00005
2.30 2.50 0.00125
2.30 2.60 0.00050
2.30 2.70 0.00282
2.30 2.80 0.00462
2.30 2.90 0.00191
2.30 3.00 0.00089

2.40 0.00 0.87016
2.40 0.10 0.77792
2.40 0.20 0.60303
2.40 0.30 0.61657
2.40 0.40 0.35689
2.40 0.50 0.35428
2.40 0.60 0.37659
2.40 0.70 0.37224
2.40 0.80 0.37323
2.40 0.90 0.32731
2.40 1.00 0.39729
2.40 1.10 0.36927
2.40 1.20 0.39161
2.40 1.30 0.26423
2.40 1.40 0.11681
2.40 1.50 0.07529
2.40 1.60 0.05266
2.40 1.70 0.03149
2.40 1.80 0.01264
2.40 1.90 0.01184
2.40 2.00 0.00741
2.40 2.10 0.00225
2.40 2.20 0.00133
2.40 2.30 0.00025
2.40 2.40 0.00000
2.40 2.50 0.00008
2.40 2.60 0.00068
2.40 2.70 0.00016
2.40 2.80 0.00022
2.40 2.90 0.00547
2.40 3.00 0.00030

2.50 0.00 1.05141
2.50 0.10 0.65894
2.50 0.20 0.67298
2.50 0.30 0.65762
2.50 0.40 0.40729
2.50 0.50 0.46474
2.50 0.60 0.33582
2.50 0.70 0.51573
2.50 0.80 0.30054
2.50 0.90 0.32827
2.50 1.00 0.49064
2.50 1.10 0.42326
2.50 1.20 0.45633
2.50 1.30 0.25331
2.50 1.40 0.13908
2.50 1.50 0.07717
2.50 1.60 0.05474
2.50 1.70 0.03044
2.50 1.80 0.01512
2.50 1.90 0.01452
2.50 2.00 0.01131
2.50 2.10 0.00272
2.50 2.20 0.00263
2.50 2.30 0.00097
2.50 2.40 0.00023
2.50 2.50 0.00000
2.50 2.60 0.00012
2.50 2.70 0.00006
2.50 2.80 0.00011
2.50 2.90 0.00015
2.50 3.00 0.00169

2.60 0.00 0.94388
2.60 0.10 0.66908
2.60 0.20 0.66353
2.60 0.30 0.56050
2.60 0.40 0.49964
2.60 0.50 0.35668
2.60 0.60 0.35219
2.60 0.70 0.27855
2.60 0.80 0.36727
2.60 0.90 0.39803
2.60 1.00 0.39003
2.60 1.10 0.47049
2.60 1.20 0.41028
2.60 1.30 0.26102
2.60 1.40 0.12940
2.60 1.50 0.09848
2.60 1.60 0.06583
2.60 1.70 0.02270
2.60 1.80 0.02732
2.60 1.90 0.01051
2.60 2.00 0.01287
2.60 2.10 0.00181
2.60 2.20 0.00061
2.60 2.30 0.00114
2.60 2.40 0.00009
2.60 2.50 0.00022
2.60 2.60 0.00000
2.60 2.70 0.00027
2.60 2.80 0.00009
2.60 2.90 0.00096
2.60 3.00 0.00011

2.70 0.00 1.20474
2.70 0.10 0.63929
2.70 0.20 0.69173
2.70 0.30 0.50585
2.70 0.40 0.50326
2.70 0.50 0.48248
2.70 0.60 0.35854
2.70 0.70 0.34398
2.70 0.80 0.36755
2.70 0.90 0.36726
2.70 1.00 0.32869
2.70 1.10 0.38193
2.70 1.20 0.44216
2.70 1.30 0.30004
2.70 1.40 0.15309
2.70 1.50 0.08773
2.70 1.60 0.05756
2.70 1.70 0.01983
2.70 1.80 0.02810
2.70 1.90 0.01215
2.70 2.00 0.01108
2.70 2.10 0.00326
2.70 2.20 0.00137
2.70 2.30 0.00197
2.70 2.40 0.00197
2.70 2.50 0.00055
2.70 2.60 0.00001
2.70 2.70 0.00000
2.70 2.80 0.00021
2.70 2.90 0.00003
2.70 3.00 0.00004

2.80 0.00 1.01387
2.80 0.10 0.82339
2.80 0.20 0.79352
2.80 0.30 0.56424
2.80 0.40 0.41160
2.80 0.50 0.44113
2.80 0.60 0.41326
2.80 0.70 0.41039
2.80 0.80 0.40926
2.80 0.90 0.37003
2.80 1.00 0.36735
2.80 1.10 0.37966
2.80 1.20 0.45248
2.80 1.30 0.26817
2.80 1.40 0.16480
2.80 1.50 0.07006
2.80 1.60 0.07261
2.80 1.70 0.06275
2.80 1.80 0.03255
2.80 1.90 0.00634
2.80 2.00 0.01545
2.80 2.10 0.00237
2.80 2.20 0.00985
2.80 2.30 0.00294
2.80 2.40 0.00624
2.80 2.50 0.00013
2.80 2.60 0.00044
2.80 2.70 0.00001
2.80 2.80 0.00000
2.80 2.90 0.00000
2.80 3.00 0.00038

2.90 0.00 0.80309
2.90 0.10 0.93493
2.90 0.20 0.69256
2.90 0.30 0.60013
2.90 0.40 0.43543
2.90 0.50 0.37419
2.90 0.60 0.45393
2.90 0.70 0.43231
2.90 0.80 0.34030
2.90 0.90 0.27097
2.90 1.00 0.37765
2.90 1.10 0.43837
2.90 1.20 0.34647
2.90 1.30 0.26487
2.90 1.40 0.17212
2.90 1.50 0.11381
2.90 1.60 0.06183
2.90 1.70 0.05549
2.90 1.80 0.02557
2.90 1.90 0.03575
2.90 2.00 0.00985
2.90 2.10 0.01352
2.90 2.20 0.00959
2.90 2.30 0.00101
2.90 2.40 0.00252
2.90 2.50 0.00017
2.90 2.60 0.00019
2.90 2.70 0.00003
2.90 2.80 0.00001
2.90 2.90 0.00000
2.90 3.00 0.00000

3.00 0.00 1.08230
3.00 0.10 0.93924
3.00 0.20 0.78585
3.00 0.30 0.75187
3.00 0.40 0.39860
3.00 0.50 0.39126
3.00 0.60 0.37178
3.00 0.70 0.30388
3.00 0.80 0.27519
3.00 0.90 0.41180
3.00 1.00 0.30569
3.00 1.10 0.33894
3.00 1.20 0.44206
3.00 1.30 0.41985
3.00 1.40 0.17187
3.00 1.50 0.10525
3.00 1.60 0.04912
3.00 1.70 0.03697
3.00 1.80 0.04598
3.00 1.90 0.03352
3.00 2.00 0.01592
3.00 2.10 0.01079
3.00 2.20 0.01275
3.00 2.30 0.01290
3.00 2.40 0.00642
3.00 2.50 0.00051
3.00 2.60 0.00013
3.00 2.70 0.00185
3.00 2.80 0.00002
3.00 2.90 0.00000
3.00 3.00 0.00000

