# S1 S2 MSE_normalized
# Original MSE range: min=7.31772e-02, max=1.29563e+00
0.00 0.00 0.01424
0.00 0.10 0.01690
0.00 0.20 0.01052
0.00 0.30 0.02297
0.00 0.40 0.03116
0.00 0.50 0.03365
0.00 0.60 0.02710
0.00 0.70 0.00618
0.00 0.80 0.05175
0.00 0.90 0.04703
0.00 1.00 0.04013
0.00 1.10 0.00973
0.00 1.20 0.01956
0.00 1.30 0.01781
0.00 1.40 0.03877
0.00 1.50 0.02252
0.00 1.60 0.03003
0.00 1.70 0.01569
0.00 1.80 0.01457
0.00 1.90 0.03299
0.00 2.00 0.02585
0.00 2.10 0.03133
0.00 2.20 0.03146
0.00 2.30 0.03555
0.00 2.40 0.02176
0.00 2.50 0.03977
0.00 2.60 0.02582
0.00 2.70 0.04966
0.00 2.80 0.01727
0.00 2.90 0.01834
0.00 3.00 0.02940

0.10 0.00 0.01488
0.10 0.10 0.00000
0.10 0.20 0.02724
0.10 0.30 0.01845
0.10 0.40 0.05253
0.10 0.50 0.03420
0.10 0.60 0.04640
0.10 0.70 0.01797
0.10 0.80 0.01347
0.10 0.90 0.01974
0.10 1.00 0.00963
0.10 1.10 0.03123
0.10 1.20 0.03823
0.10 1.30 0.02057
0.10 1.40 0.03305
0.10 1.50 0.04095
0.10 1.60 0.05535
0.10 1.70 0.01251
0.10 1.80 0.03973
0.10 1.90 0.02355
0.10 2.00 0.00151
0.10 2.10 0.02690
0.10 2.20 0.03390
0.10 2.30 0.01406
0.10 2.40 0.00066
0.10 2.50 0.02918
0.10 2.60 0.05461
0.10 2.70 0.02788
0.10 2.80 0.02652
0.10 2.90 0.00924
0.10 3.00 0.01841

0.20 0.00 0.02810
0.20 0.10 0.02043
0.20 0.20 0.02768
0.20 0.30 0.02031
0.20 0.40 0.05151
0.20 0.50 0.01420
0.20 0.60 0.02518
0.20 0.70 0.01188
0.20 0.80 0.02155
0.20 0.90 0.03050
0.20 1.00 0.07938
0.20 1.10 0.03420
0.20 1.20 0.04749
0.20 1.30 0.04137
0.20 1.40 0.06233
0.20 1.50 0.03071
0.20 1.60 0.03266
0.20 1.70 0.04797
0.20 1.80 0.03764
0.20 1.90 0.01993
0.20 2.00 0.02198
0.20 2.10 0.03761
0.20 2.20 0.04775
0.20 2.30 0.03201
0.20 2.40 0.04642
0.20 2.50 0.02583
0.20 2.60 0.03403
0.20 2.70 0.02128
0.20 2.80 0.03947
0.20 2.90 0.04778
0.20 3.00 0.03122

0.30 0.00 0.09598
0.30 0.10 0.06177
0.30 0.20 0.03511
0.30 0.30 0.01192
0.30 0.40 0.05388
0.30 0.50 0.04474
0.30 0.60 0.03903
0.30 0.70 0.05712
0.30 0.80 0.05051
0.30 0.90 0.09536
0.30 1.00 0.06509
0.30 1.10 0.04398
0.30 1.20 0.04284
0.30 1.30 0.04944
0.30 1.40 0.04549
0.30 1.50 0.03278
0.30 1.60 0.04690
0.30 1.70 0.04633
0.30 1.80 0.03448
0.30 1.90 0.05509
0.30 2.00 0.09746
0.30 2.10 0.05261
0.30 2.20 0.08168
0.30 2.30 0.05153
0.30 2.40 0.06919
0.30 2.50 0.06039
0.30 2.60 0.04746
0.30 2.70 0.05976
0.30 2.80 0.04337
0.30 2.90 0.05296
0.30 3.00 0.04083

0.40 0.00 0.10620
0.40 0.10 0.10144
0.40 0.20 0.03544
0.40 0.30 0.01697
0.40 0.40 0.00627
0.40 0.50 0.04620
0.40 0.60 0.03360
0.40 0.70 0.08063
0.40 0.80 0.03495
0.40 0.90 0.07905
0.40 1.00 0.05485
0.40 1.10 0.03922
0.40 1.20 0.04399
0.40 1.30 0.05606
0.40 1.40 0.04105
0.40 1.50 0.03789
0.40 1.60 0.04862
0.40 1.70 0.05314
0.40 1.80 0.03968
0.40 1.90 0.04486
0.40 2.00 0.04107
0.40 2.10 0.04711
0.40 2.20 0.04686
0.40 2.30 0.03348
0.40 2.40 0.08000
0.40 2.50 0.04643
0.40 2.60 0.04209
0.40 2.70 0.07125
0.40 2.80 0.04697
0.40 2.90 0.06006
0.40 3.00 0.06090

0.50 0.00 0.21062
0.50 0.10 0.12979
0.50 0.20 0.05117
0.50 0.30 0.05791
0.50 0.40 0.03254
0.50 0.50 0.02998
0.50 0.60 0.04156
0.50 0.70 0.04870
0.50 0.80 0.04315
0.50 0.90 0.07754
0.50 1.00 0.06327
0.50 1.10 0.06725
0.50 1.20 0.05110
0.50 1.30 0.03830
0.50 1.40 0.04852
0.50 1.50 0.06815
0.50 1.60 0.05491
0.50 1.70 0.05118
0.50 1.80 0.04695
0.50 1.90 0.05533
0.50 2.00 0.03742
0.50 2.10 0.07796
0.50 2.20 0.05339
0.50 2.30 0.05712
0.50 2.40 0.06956
0.50 2.50 0.05510
0.50 2.60 0.08575
0.50 2.70 0.08601
0.50 2.80 0.05250
0.50 2.90 0.05089
0.50 3.00 0.05490

0.60 0.00 0.25845
0.60 0.10 0.17209
0.60 0.20 0.13916
0.60 0.30 0.10124
0.60 0.40 0.05101
0.60 0.50 0.07033
0.60 0.60 0.03910
0.60 0.70 0.03724
0.60 0.80 0.03767
0.60 0.90 0.08193
0.60 1.00 0.06660
0.60 1.10 0.04442
0.60 1.20 0.06802
0.60 1.30 0.04992
0.60 1.40 0.09927
0.60 1.50 0.05730
0.60 1.60 0.03744
0.60 1.70 0.08209
0.60 1.80 0.05137
0.60 1.90 0.09659
0.60 2.00 0.06340
0.60 2.10 0.11322
0.60 2.20 0.06979
0.60 2.30 0.05602
0.60 2.40 0.07250
0.60 2.50 0.08517
0.60 2.60 0.03912
0.60 2.70 0.08027
0.60 2.80 0.06998
0.60 2.90 0.07191
0.60 3.00 0.06424

0.70 0.00 0.24155
0.70 0.10 0.15747
0.70 0.20 0.17218
0.70 0.30 0.09416
0.70 0.40 0.05974
0.70 0.50 0.04814
0.70 0.60 0.07494
0.70 0.70 0.01738
0.70 0.80 0.03421
0.70 0.90 0.02456
0.70 1.00 0.05162
0.70 1.10 0.05404
0.70 1.20 0.07463
0.70 1.30 0.06620
0.70 1.40 0.06232
0.70 1.50 0.05221
0.70 1.60 0.09127
0.70 1.70 0.06836
0.70 1.80 0.09587
0.70 1.90 0.07406
0.70 2.00 0.09944
0.70 2.10 0.08867
0.70 2.20 0.06938
0.70 2.30 0.08487
0.70 2.40 0.08930
0.70 2.50 0.05561
0.70 2.60 0.06808
0.70 2.70 0.07042
0.70 2.80 0.10048
0.70 2.90 0.06052
0.70 3.00 0.04980

0.80 0.00 0.33860
0.80 0.10 0.23492
0.80 0.20 0.20151
0.80 0.30 0.16959
0.80 0.40 0.07474
0.80 0.50 0.07391
0.80 0.60 0.08428
0.80 0.70 0.08705
0.80 0.80 0.03488
0.80 0.90 0.02967
0.80 1.00 0.03520
0.80 1.10 0.05918
0.80 1.20 0.07787
0.80 1.30 0.03959
0.80 1.40 0.07419
0.80 1.50 0.08728
0.80 1.60 0.04281
0.80 1.70 0.05884
0.80 1.80 0.09584
0.80 1.90 0.06289
0.80 2.00 0.09222
0.80 2.10 0.07791
0.80 2.20 0.07166
0.80 2.30 0.06529
0.80 2.40 0.07489
0.80 2.50 0.07068
0.80 2.60 0.06566
0.80 2.70 0.06145
0.80 2.80 0.08209
0.80 2.90 0.05364
0.80 3.00 0.05135

0.90 0.00 0.43404
0.90 0.10 0.31265
0.90 0.20 0.27759
0.90 0.30 0.12130
0.90 0.40 0.09801
0.90 0.50 0.11492
0.90 0.60 0.12598
0.90 0.70 0.08368
0.90 0.80 0.09847
0.90 0.90 0.03333
0.90 1.00 0.05287
0.90 1.10 0.01955
0.90 1.20 0.03943
0.90 1.30 0.04258
0.90 1.40 0.05101
0.90 1.50 0.08644
0.90 1.60 0.08504
0.90 1.70 0.10506
0.90 1.80 0.08510
0.90 1.90 0.04996
0.90 2.00 0.09045
0.90 2.10 0.08451
0.90 2.20 0.11072
0.90 2.30 0.06182
0.90 2.40 0.05760
0.90 2.50 0.04847
0.90 2.60 0.10302
0.90 2.70 0.09779
0.90 2.80 0.05694
0.90 2.90 0.06926
0.90 3.00 0.06353

1.00 0.00 0.46826
1.00 0.10 0.38365
1.00 0.20 0.25463
1.00 0.30 0.23694
1.00 0.40 0.15053
1.00 0.50 0.13814
1.00 0.60 0.10210
1.00 0.70 0.07357
1.00 0.80 0.15848
1.00 0.90 0.04940
1.00 1.00 0.01368
1.00 1.10 0.02078
1.00 1.20 0.03555
1.00 1.30 0.06083
1.00 1.40 0.06670
1.00 1.50 0.03909
1.00 1.60 0.04385
1.00 1.70 0.03860
1.00 1.80 0.07563
1.00 1.90 0.04892
1.00 2.00 0.02903
1.00 2.10 0.07142
1.00 2.20 0.06756
1.00 2.30 0.07175
1.00 2.40 0.12489
1.00 2.50 0.07208
1.00 2.60 0.06894
1.00 2.70 0.06742
1.00 2.80 0.06392
1.00 2.90 0.10260
1.00 3.00 0.05618

1.10 0.00 0.55562
1.10 0.10 0.35354
1.10 0.20 0.27961
1.10 0.30 0.22270
1.10 0.40 0.18107
1.10 0.50 0.19957
1.10 0.60 0.11295
1.10 0.70 0.14028
1.10 0.80 0.14844
1.10 0.90 0.15449
1.10 1.00 0.02297
1.10 1.10 0.03229
1.10 1.20 0.01140
1.10 1.30 0.02360
1.10 1.40 0.04659
1.10 1.50 0.04139
1.10 1.60 0.06761
1.10 1.70 0.05431
1.10 1.80 0.07510
1.10 1.90 0.06855
1.10 2.00 0.08918
1.10 2.10 0.09291
1.10 2.20 0.05982
1.10 2.30 0.04842
1.10 2.40 0.07884
1.10 2.50 0.07189
1.10 2.60 0.06546
1.10 2.70 0.07399
1.10 2.80 0.05966
1.10 2.90 0.05767
1.10 3.00 0.05387

1.20 0.00 0.45742
1.20 0.10 0.43924
1.20 0.20 0.43013
1.20 0.30 0.27215
1.20 0.40 0.24063
1.20 0.50 0.19257
1.20 0.60 0.20829
1.20 0.70 0.13967
1.20 0.80 0.13829
1.20 0.90 0.14860
1.20 1.00 0.08815
1.20 1.10 0.05322
1.20 1.20 0.02558
1.20 1.30 0.00018
1.20 1.40 0.01959
1.20 1.50 0.03060
1.20 1.60 0.05383
1.20 1.70 0.06106
1.20 1.80 0.04853
1.20 1.90 0.06527
1.20 2.00 0.06488
1.20 2.10 0.05673
1.20 2.20 0.03639
1.20 2.30 0.06665
1.20 2.40 0.13382
1.20 2.50 0.06728
1.20 2.60 0.06469
1.20 2.70 0.06337
1.20 2.80 0.06312
1.20 2.90 0.05879
1.20 3.00 0.04963

1.30 0.00 0.52634
1.30 0.10 0.47863
1.30 0.20 0.46067
1.30 0.30 0.37063
1.30 0.40 0.30660
1.30 0.50 0.25338
1.30 0.60 0.25558
1.30 0.70 0.17225
1.30 0.80 0.14502
1.30 0.90 0.19517
1.30 1.00 0.14697
1.30 1.10 0.07861
1.30 1.20 0.01125
1.30 1.30 0.00906
1.30 1.40 0.03458
1.30 1.50 0.04554
1.30 1.60 0.03616
1.30 1.70 0.02533
1.30 1.80 0.05917
1.30 1.90 0.07337
1.30 2.00 0.08136
1.30 2.10 0.05764
1.30 2.20 0.03569
1.30 2.30 0.06146
1.30 2.40 0.04364
1.30 2.50 0.03914
1.30 2.60 0.05793
1.30 2.70 0.07061
1.30 2.80 0.02383
1.30 2.90 0.05225
1.30 3.00 0.02953

1.40 0.00 0.51104
1.40 0.10 0.49918
1.40 0.20 0.47109
1.40 0.30 0.28858
1.40 0.40 0.24371
1.40 0.50 0.27009
1.40 0.60 0.15995
1.40 0.70 0.17657
1.40 0.80 0.18706
1.40 0.90 0.22119
1.40 1.00 0.30087
1.40 1.10 0.12945
1.40 1.20 0.05911
1.40 1.30 0.02081
1.40 1.40 0.02289
1.40 1.50 0.03285
1.40 1.60 0.03015
1.40 1.70 0.03360
1.40 1.80 0.02623
1.40 1.90 0.04048
1.40 2.00 0.03925
1.40 2.10 0.05821
1.40 2.20 0.05198
1.40 2.30 0.07323
1.40 2.40 0.03659
1.40 2.50 0.04496
1.40 2.60 0.07069
1.40 2.70 0.05255
1.40 2.80 0.04857
1.40 2.90 0.04771
1.40 3.00 0.08219

1.50 0.00 0.50723
1.50 0.10 0.49736
1.50 0.20 0.47467
1.50 0.30 0.30167
1.50 0.40 0.40248
1.50 0.50 0.28964
1.50 0.60 0.24738
1.50 0.70 0.14928
1.50 0.80 0.18995
1.50 0.90 0.29800
1.50 1.00 0.22791
1.50 1.10 0.18682
1.50 1.20 0.08962
1.50 1.30 0.03629
1.50 1.40 0.03401
1.50 1.50 0.02049
1.50 1.60 0.02852
1.50 1.70 0.02320
1.50 1.80 0.04700
1.50 1.90 0.03570
1.50 2.00 0.01448
1.50 2.10 0.08886
1.50 2.20 0.04848
1.50 2.30 0.05167
1.50 2.40 0.01793
1.50 2.50 0.06636
1.50 2.60 0.03738
1.50 2.70 0.02819
1.50 2.80 0.03047
1.50 2.90 0.04169
1.50 3.00 0.04860

1.60 0.00 0.61088
1.60 0.10 0.50817
1.60 0.20 0.33436
1.60 0.30 0.47467
1.60 0.40 0.29783
1.60 0.50 0.29980
1.60 0.60 0.27815
1.60 0.70 0.27251
1.60 0.80 0.24770
1.60 0.90 0.23692
1.60 1.00 0.29957
1.60 1.10 0.23198
1.60 1.20 0.12987
1.60 1.30 0.03912
1.60 1.40 0.05637
1.60 1.50 0.01990
1.60 1.60 0.02274
1.60 1.70 0.01283
1.60 1.80 0.02911
1.60 1.90 0.02196
1.60 2.00 0.03313
1.60 2.10 0.05462
1.60 2.20 0.03430
1.60 2.30 0.03450
1.60 2.40 0.01543
1.60 2.50 0.04083
1.60 2.60 0.06178
1.60 2.70 0.03729
1.60 2.80 0.03997
1.60 2.90 0.06037
1.60 3.00 0.06942

1.70 0.00 0.73469
1.70 0.10 0.52639
1.70 0.20 0.63237
1.70 0.30 0.38415
1.70 0.40 0.32206
1.70 0.50 0.25911
1.70 0.60 0.26882
1.70 0.70 0.25935
1.70 0.80 0.21127
1.70 0.90 0.19591
1.70 1.00 0.32098
1.70 1.10 0.37175
1.70 1.20 0.19168
1.70 1.30 0.08984
1.70 1.40 0.06362
1.70 1.50 0.00668
1.70 1.60 0.03106
1.70 1.70 0.01987
1.70 1.80 0.01452
1.70 1.90 0.02251
1.70 2.00 0.04649
1.70 2.10 0.01855
1.70 2.20 0.04966
1.70 2.30 0.03701
1.70 2.40 0.05762
1.70 2.50 0.06283
1.70 2.60 0.02335
1.70 2.70 0.01236
1.70 2.80 0.02857
1.70 2.90 0.05741
1.70 3.00 0.02762

1.80 0.00 0.76182
1.80 0.10 0.50222
1.80 0.20 0.47819
1.80 0.30 0.41638
1.80 0.40 0.36741
1.80 0.50 0.25025
1.80 0.60 0.32004
1.80 0.70 0.23197
1.80 0.80 0.23502
1.80 0.90 0.31293
1.80 1.00 0.23813
1.80 1.10 0.32095
1.80 1.20 0.16647
1.80 1.30 0.09398
1.80 1.40 0.06524
1.80 1.50 0.01772
1.80 1.60 0.02140
1.80 1.70 0.02440
1.80 1.80 0.01042
1.80 1.90 0.02018
1.80 2.00 0.03002
1.80 2.10 0.03078
1.80 2.20 0.02603
1.80 2.30 0.02796
1.80 2.40 0.03650
1.80 2.50 0.04973
1.80 2.60 0.02911
1.80 2.70 0.05118
1.80 2.80 0.02026
1.80 2.90 0.02554
1.80 3.00 0.03538

1.90 0.00 0.70847
1.90 0.10 0.62190
1.90 0.20 0.71565
1.90 0.30 0.48458
1.90 0.40 0.52591
1.90 0.50 0.40573
1.90 0.60 0.28525
1.90 0.70 0.27978
1.90 0.80 0.22052
1.90 0.90 0.25805
1.90 1.00 0.24432
1.90 1.10 0.28211
1.90 1.20 0.23179
1.90 1.30 0.12395
1.90 1.40 0.07696
1.90 1.50 0.03533
1.90 1.60 0.01996
1.90 1.70 0.06576
1.90 1.80 0.04226
1.90 1.90 0.03431
1.90 2.00 0.05003
1.90 2.10 0.03591
1.90 2.20 0.01969
1.90 2.30 0.01135
1.90 2.40 0.03086
1.90 2.50 0.06381
1.90 2.60 0.05808
1.90 2.70 0.06344
1.90 2.80 0.05021
1.90 2.90 0.03190
1.90 3.00 0.03258

2.00 0.00 0.81587
2.00 0.10 0.74334
2.00 0.20 0.50524
2.00 0.30 0.38736
2.00 0.40 0.27767
2.00 0.50 0.26801
2.00 0.60 0.22667
2.00 0.70 0.34228
2.00 0.80 0.17055
2.00 0.90 0.28440
2.00 1.00 0.39111
2.00 1.10 0.35921
2.00 1.20 0.30303
2.00 1.30 0.17804
2.00 1.40 0.07838
2.00 1.50 0.06681
2.00 1.60 0.01386
2.00 1.70 0.01975
2.00 1.80 0.01181
2.00 1.90 0.02250
2.00 2.00 0.00376
2.00 2.10 0.01893
2.00 2.20 0.03686
2.00 2.30 0.05664
2.00 2.40 0.03368
2.00 2.50 0.03568
2.00 2.60 0.04501
2.00 2.70 0.06729
2.00 2.80 0.02958
2.00 2.90 0.03741
2.00 3.00 0.02127

2.10 0.00 0.77228
2.10 0.10 0.71211
2.10 0.20 0.63800
2.10 0.30 0.51885
2.10 0.40 0.51703
2.10 0.50 0.25240
2.10 0.60 0.29561
2.10 0.70 0.25510
2.10 0.80 0.31312
2.10 0.90 0.30156
2.10 1.00 0.37768
2.10 1.10 0.32616
2.10 1.20 0.30866
2.10 1.30 0.19351
2.10 1.40 0.05487
2.10 1.50 0.06176
2.10 1.60 0.05198
2.10 1.70 0.04421
2.10 1.80 0.02153
2.10 1.90 0.01434
2.10 2.00 0.03581
2.10 2.10 0.00912
2.10 2.20 0.02814
2.10 2.30 0.03987
2.10 2.40 0.01674
2.10 2.50 0.01133
2.10 2.60 0.05975
2.10 2.70 0.02842
2.10 2.80 0.03633
2.10 2.90 0.02647
2.10 3.00 0.04395

2.20 0.00 0.65592
2.20 0.10 0.63961
2.20 0.20 0.44782
2.20 0.30 0.43433
2.20 0.40 0.36773
2.20 0.50 0.39131
2.20 0.60 0.43581
2.20 0.70 0.36840
2.20 0.80 0.25710
2.20 0.90 0.27120
2.20 1.00 0.38404
2.20 1.10 0.31334
2.20 1.20 0.40411
2.20 1.30 0.23533
2.20 1.40 0.10900
2.20 1.50 0.09900
2.20 1.60 0.04971
2.20 1.70 0.04574
2.20 1.80 0.02546
2.20 1.90 0.02867
2.20 2.00 0.01908
2.20 2.10 0.02304
2.20 2.20 0.02136
2.20 2.30 0.02673
2.20 2.40 0.01984
2.20 2.50 0.01801
2.20 2.60 0.01245
2.20 2.70 0.02724
2.20 2.80 0.03234
2.20 2.90 0.00571
2.20 3.00 0.04596

2.30 0.00 0.84564
2.30 0.10 0.72215
2.30 0.20 0.56822
2.30 0.30 0.36678
2.30 0.40 0.47053
2.30 0.50 0.30706
2.30 0.60 0.31668
2.30 0.70 0.31343
2.30 0.80 0.26034
2.30 0.90 0.29825
2.30 1.00 0.43794
2.30 1.10 0.42465
2.30 1.20 0.32451
2.30 1.30 0.28521
2.30 1.40 0.12194
2.30 1.50 0.07185
2.30 1.60 0.03940
2.30 1.70 0.04815
2.30 1.80 0.03220
2.30 1.90 0.02231
2.30 2.00 0.01239
2.30 2.10 0.04201
2.30 2.20 0.01554
2.30 2.30 0.05968
2.30 2.40 0.02902
2.30 2.50 0.05782
2.30 2.60 0.03219
2.30 2.70 0.00797
2.30 2.80 0.04293
2.30 2.90 0.03814
2.30 3.00 0.04146

2.40 0.00 0.76808
2.40 0.10 0.51192
2.40 0.20 0.51709
2.40 0.30 0.31751
2.40 0.40 0.52189
2.40 0.50 0.43553
2.40 0.60 0.37239
2.40 0.70 0.28730
2.40 0.80 0.37191
2.40 0.90 0.26963
2.40 1.00 0.36518
2.40 1.10 0.28603
2.40 1.20 0.33040
2.40 1.30 0.20673
2.40 1.40 0.19932
2.40 1.50 0.07839
2.40 1.60 0.08313
2.40 1.70 0.05265
2.40 1.80 0.05132
2.40 1.90 0.02603
2.40 2.00 0.04213
2.40 2.10 0.01343
2.40 2.20 0.03343
2.40 2.30 0.05060
2.40 2.40 0.03039
2.40 2.50 0.00405
2.40 2.60 0.01330
2.40 2.70 0.01794
2.40 2.80 0.02226
2.40 2.90 0.02018
2.40 3.00 0.01718

2.50 0.00 0.67931
2.50 0.10 0.67962
2.50 0.20 0.68907
2.50 0.30 0.58699
2.50 0.40 0.49259
2.50 0.50 0.51811
2.50 0.60 0.40588
2.50 0.70 0.34528
2.50 0.80 0.18579
2.50 0.90 0.32687
2.50 1.00 0.35161
2.50 1.10 0.34551
2.50 1.20 0.29590
2.50 1.30 0.28806
2.50 1.40 0.13308
2.50 1.50 0.07030
2.50 1.60 0.08770
2.50 1.70 0.10256
2.50 1.80 0.02300
2.50 1.90 0.03998
2.50 2.00 0.02371
2.50 2.10 0.03187
2.50 2.20 0.03702
2.50 2.30 0.00854
2.50 2.40 0.01949
2.50 2.50 0.06718
2.50 2.60 0.02986
2.50 2.70 0.01903
2.50 2.80 0.05082
2.50 2.90 0.01402
2.50 3.00 0.01637

2.60 0.00 0.65358
2.60 0.10 0.76593
2.60 0.20 0.57813
2.60 0.30 0.44307
2.60 0.40 0.38813
2.60 0.50 0.37303
2.60 0.60 0.55213
2.60 0.70 0.27343
2.60 0.80 0.35881
2.60 0.90 0.23527
2.60 1.00 0.34142
2.60 1.10 0.34613
2.60 1.20 0.39019
2.60 1.30 0.19878
2.60 1.40 0.15067
2.60 1.50 0.07474
2.60 1.60 0.08331
2.60 1.70 0.06928
2.60 1.80 0.01588
2.60 1.90 0.04299
2.60 2.00 0.03790
2.60 2.10 0.03526
2.60 2.20 0.02065
2.60 2.30 0.03625
2.60 2.40 0.01713
2.60 2.50 0.02227
2.60 2.60 0.03908
2.60 2.70 0.01594
2.60 2.80 0.02615
2.60 2.90 0.02153
2.60 3.00 0.01681

2.70 0.00 0.65014
2.70 0.10 0.53564
2.70 0.20 0.58147
2.70 0.30 0.54688
2.70 0.40 0.46586
2.70 0.50 0.22929
2.70 0.60 0.29247
2.70 0.70 0.35650
2.70 0.80 0.30776
2.70 0.90 0.29884
2.70 1.00 0.30877
2.70 1.10 0.44866
2.70 1.20 0.32630
2.70 1.30 0.24990
2.70 1.40 0.14558
2.70 1.50 0.07940
2.70 1.60 0.05443
2.70 1.70 0.04840
2.70 1.80 0.02771
2.70 1.90 0.04294
2.70 2.00 0.02685
2.70 2.10 0.02284
2.70 2.20 0.02586
2.70 2.30 0.04342
2.70 2.40 0.01191
2.70 2.50 0.00650
2.70 2.60 0.02385
2.70 2.70 0.01758
2.70 2.80 0.02144
2.70 2.90 0.02074
2.70 3.00 0.03991

2.80 0.00 1.00000
2.80 0.10 0.75640
2.80 0.20 0.65094
2.80 0.30 0.61354
2.80 0.40 0.53914
2.80 0.50 0.27136
2.80 0.60 0.39358
2.80 0.70 0.33652
2.80 0.80 0.30584
2.80 0.90 0.27328
2.80 1.00 0.41413
2.80 1.10 0.28108
2.80 1.20 0.39329
2.80 1.30 0.30801
2.80 1.40 0.15562
2.80 1.50 0.11518
2.80 1.60 0.11618
2.80 1.70 0.05290
2.80 1.80 0.04001
2.80 1.90 0.04222
2.80 2.00 0.03466
2.80 2.10 0.01515
2.80 2.20 0.03074
2.80 2.30 0.03731
2.80 2.40 0.01728
2.80 2.50 0.02412
2.80 2.60 0.03192
2.80 2.70 0.00918
2.80 2.80 0.03127
2.80 2.90 0.01933
2.80 3.00 0.01079

2.90 0.00 0.91968
2.90 0.10 0.89263
2.90 0.20 0.63607
2.90 0.30 0.44481
2.90 0.40 0.49188
2.90 0.50 0.47283
2.90 0.60 0.24584
2.90 0.70 0.26886
2.90 0.80 0.30324
2.90 0.90 0.29648
2.90 1.00 0.38948
2.90 1.10 0.31887
2.90 1.20 0.49176
2.90 1.30 0.21729
2.90 1.40 0.14903
2.90 1.50 0.17606
2.90 1.60 0.08944
2.90 1.70 0.09437
2.90 1.80 0.04616
2.90 1.90 0.02986
2.90 2.00 0.03139
2.90 2.10 0.04923
2.90 2.20 0.01163
2.90 2.30 0.00951
2.90 2.40 0.00831
2.90 2.50 0.03703
2.90 2.60 0.03655
2.90 2.70 0.03152
2.90 2.80 0.03497
2.90 2.90 0.04284
2.90 3.00 0.00587

3.00 0.00 0.97004
3.00 0.10 0.98315
3.00 0.20 0.62871
3.00 0.30 0.42094
3.00 0.40 0.40733
3.00 0.50 0.23400
3.00 0.60 0.54959
3.00 0.70 0.32326
3.00 0.80 0.25603
3.00 0.90 0.39639
3.00 1.00 0.38351
3.00 1.10 0.36524
3.00 1.20 0.39724
3.00 1.30 0.33102
3.00 1.40 0.14970
3.00 1.50 0.07542
3.00 1.60 0.10161
3.00 1.70 0.03852
3.00 1.80 0.06880
3.00 1.90 0.03749
3.00 2.00 0.05839
3.00 2.10 0.03577
3.00 2.20 0.03012
3.00 2.30 0.04055
3.00 2.40 0.01500
3.00 2.50 0.01458
3.00 2.60 0.02710
3.00 2.70 0.04207
3.00 2.80 0.05281
3.00 2.90 0.03116
3.00 3.00 0.02341

