#time Q r MSE
0	1e-09	1e-09	0.516059
0.0292959	0.000154355	0.00199707	0.513486
0.0585918	0.000315011	0.00398831	0.510928
0.0878877	0.000481913	0.00597371	0.508384
0.117184	0.000655006	0.00795331	0.505854
0.16897	0.000975957	0.0114385	0.501417
0.220756	0.00131578	0.0149057	0.497022
0.272543	0.00167417	0.0183549	0.492671
0.324329	0.00205084	0.0217864	0.488363
0.376269	0.0024467	0.0252102	0.484084
0.42821	0.00286036	0.0286164	0.479847
0.48015	0.00329153	0.0320049	0.475651
0.532091	0.00373994	0.0353758	0.471497
0.584459	0.00420919	0.0387568	0.46735
0.636827	0.00469539	0.0421201	0.463244
0.689195	0.00519826	0.0454659	0.459179
0.741562	0.00571752	0.0487941	0.455154
0.794351	0.00625726	0.0521316	0.451136
0.84714	0.0068131	0.0554515	0.447159
0.899929	0.00738476	0.0587539	0.443222
0.952718	0.00797198	0.0620389	0.439324
1.00596	0.00857967	0.0653343	0.435432
1.05919	0.00920264	0.0686122	0.431579
1.11243	0.00984061	0.0718727	0.427766
1.16567	0.0104933	0.0751159	0.42399
1.21936	0.0111662	0.078369	0.420221
1.27304	0.0118536	0.0816047	0.416491
1.32673	0.0125551	0.084823	0.412798
1.38041	0.0132707	0.0880242	0.409143
1.43455	0.0140061	0.091235	0.405494
1.48869	0.0147552	0.0944285	0.401883
1.54283	0.0155177	0.0976047	0.398309
1.59697	0.0162933	0.100764	0.394771
1.65158	0.0170887	0.103933	0.39124
1.70618	0.017897	0.107084	0.387745
1.76079	0.018718	0.110219	0.384286
1.81539	0.0195513	0.113336	0.380863
1.87047	0.0204041	0.116463	0.377446
1.92554	0.021269	0.119573	0.374065
1.98062	0.0221458	0.122666	0.370719
2.03569	0.0230343	0.125742	0.367407
2.09125	0.023942	0.128828	0.364102
2.1468	0.0248611	0.131896	0.360832
2.20236	0.0257914	0.134947	0.357596
2.25791	0.0267325	0.137982	0.354393
2.31396	0.0276927	0.141026	0.351197
2.37	0.0286635	0.144053	0.348035
2.42604	0.0296448	0.147064	0.344906
2.48209	0.0306362	0.150057	0.34181
2.53863	0.0316465	0.15306	0.33872
2.59517	0.0326667	0.156046	0.335663
2.65171	0.0336966	0.159016	0.332638
2.70825	0.0347359	0.161968	0.329646
2.7653	0.0357939	0.16493	0.32666
2.82235	0.0368612	0.167876	0.323706
2.8794	0.0379373	0.170804	0.320783
2.93645	0.0390223	0.173716	0.317892
2.99402	0.0401257	0.176638	0.315007
3.05158	0.0412377	0.179543	0.312152
3.10915	0.0423579	0.182431	0.309329
3.16672	0.0434862	0.185302	0.306537
3.22482	0.044633	0.188184	0.303749
3.28292	0.0457875	0.191049	0.300992
3.34102	0.0469497	0.193897	0.298266
3.39912	0.0481193	0.196729	0.295569
3.45775	0.0493069	0.199569	0.292877
3.51638	0.0505016	0.202394	0.290216
3.57501	0.0517032	0.205202	0.287584
3.63365	0.0529116	0.207993	0.284981
3.69282	0.0541379	0.210794	0.282383
3.752	0.0553707	0.213578	0.279814
3.81118	0.0566098	0.216346	0.277274
3.87036	0.0578551	0.219098	0.274762
3.9301	0.059118	0.221859	0.272255
3.98984	0.0603868	0.224604	0.269776
4.04958	0.0616613	0.227332	0.267325
4.10931	0.0629412	0.230044	0.264902
4.16962	0.0642387	0.232766	0.262484
4.22993	0.0655414	0.235471	0.260093
4.29024	0.0668492	0.23816	0.257729
4.35055	0.0681618	0.240833	0.255392
4.41144	0.0694918	0.243515	0.25306
4.47233	0.0708265	0.246181	0.250754
4.53322	0.0721655	0.248831	0.248475
4.59411	0.0735088	0.251465	0.246223
4.65559	0.0748694	0.254108	0.243974
4.71708	0.0762339	0.256735	0.241752
4.77856	0.0776023	0.259346	0.239555
4.84005	0.0789743	0.261941	0.237384
4.90214	0.0803634	0.264545	0.235217
4.96423	0.0817559	0.267133	0.233076
5.02632	0.0831516	0.269706	0.23096
5.08841	0.0845505	0.272262	0.228868
5.15112	0.0859662	0.274828	0.226781
5.21383	0.0873848	0.277377	0.224718
5.27654	0.088806	0.279911	0.22268
5.33925	0.0902298	0.282429	0.220665
5.40259	0.0916703	0.284957	0.218655
5.46594	0.0931131	0.287468	0.216669
5.52928	0.094558	0.289964	0.214706
5.59262	0.0960049	0.292443	0.212767
5.65661	0.0974684	0.294933	0.210832
5.7206	0.0989336	0.297406	0.20892
5.78459	0.1004	0.299863	0.207032
5.84858	0.101868	0.302305	0.205166
5.91324	0.103353	0.304757	0.203303
5.97789	0.104839	0.307192	0.201464
6.04254	0.106326	0.309612	0.199647
6.10719	0.107813	0.312016	0.197852
6.17252	0.109318	0.31443	0.19606
6.23784	0.110822	0.316828	0.194291
6.30317	0.112327	0.31921	0.192543
6.3685	0.113833	0.321577	0.190818
6.43451	0.115355	0.323953	0.189095
6.50053	0.116877	0.326313	0.187394
6.56655	0.118398	0.328658	0.185714
6.63257	0.11992	0.330988	0.184055
6.69929	0.121458	0.333327	0.182399
6.76602	0.122995	0.33565	0.180764
6.83274	0.124532	0.337958	0.17915
6.89947	0.126069	0.340251	0.177556
6.96692	0.127621	0.342553	0.175965
7.03437	0.129172	0.344839	0.174395
7.10182	0.130723	0.34711	0.172844
7.16927	0.132272	0.349366	0.171313
7.23747	0.133837	0.351632	0.169785
7.30567	0.135401	0.353882	0.168277
7.37388	0.136964	0.356117	0.166788
7.44208	0.138525	0.358337	0.165318
7.51103	0.140101	0.360565	0.163851
7.57999	0.141676	0.362779	0.162403
7.64894	0.143248	0.364977	0.160975
7.71789	0.144819	0.36716	0.159564
7.78762	0.146405	0.369353	0.158157
7.85734	0.147989	0.37153	0.156768
7.92707	0.14957	0.373692	0.155398
7.9968	0.151149	0.375839	0.154045
8.06733	0.152744	0.377996	0.152695
8.13785	0.154335	0.380137	0.151363
8.20838	0.155924	0.382263	0.150049
8.27891	0.15751	0.384375	0.148752
8.35025	0.159112	0.386495	0.147458
8.42159	0.16071	0.388601	0.146181
8.49294	0.162305	0.390692	0.144921
8.56428	0.163896	0.392767	0.143679
8.63646	0.165503	0.394853	0.142438
8.70864	0.167106	0.396923	0.141215
8.78082	0.168706	0.398978	0.140008
8.853	0.170302	0.401018	0.138818
8.92604	0.171913	0.403068	0.13763
8.99908	0.17352	0.405103	0.136458
9.07213	0.175123	0.407123	0.135303
9.14517	0.176721	0.409129	0.134163
9.21909	0.178335	0.411144	0.133026
9.29302	0.179944	0.413144	0.131905
9.36694	0.181549	0.415129	0.130799
9.44087	0.18315	0.4171	0.129708
9.5157	0.184765	0.41908	0.12862
9.59053	0.186375	0.421045	0.127547
9.66537	0.187981	0.422996	0.126489
9.7402	0.189582	0.424932	0.125446
9.81597	0.191197	0.426877	0.124406
9.89173	0.192808	0.428808	0.12338
9.9675	0.194413	0.430725	0.122368
10.0433	0.196013	0.432627	0.121371
10.12	0.197628	0.434538	0.120376
10.1967	0.199237	0.436435	0.119395
10.2734	0.20084	0.438317	0.118429
10.3502	0.202438	0.440185	0.117476
10.4279	0.204051	0.442062	0.116526
10.5056	0.205658	0.443925	0.115589
10.5833	0.207259	0.445773	0.114666
10.661	0.208853	0.447607	0.113756
10.7397	0.210463	0.449451	0.112848
10.8185	0.212066	0.45128	0.111954
10.8972	0.213663	0.453095	0.111073
10.9759	0.215254	0.454895	0.110204
11.0557	0.216859	0.456705	0.109338
11.1355	0.218457	0.458501	0.108484
11.2153	0.220049	0.460282	0.107644
11.295	0.221634	0.462049	0.106816
11.3759	0.223234	0.463826	0.105989
11.4568	0.224827	0.465589	0.105175
11.5376	0.226413	0.467338	0.104373
11.6185	0.227992	0.469072	0.103584
11.7004	0.229586	0.470816	0.102796
11.7824	0.231172	0.472546	0.10202
11.8644	0.232751	0.474261	0.101256
11.9463	0.234323	0.475963	0.100503
12.0295	0.235909	0.477674	0.0997523
12.1126	0.237488	0.479372	0.099013
12.1957	0.239059	0.481055	0.0982852
12.2789	0.240623	0.482724	0.0975688
12.3632	0.242201	0.484403	0.0968536
12.4475	0.243771	0.486068	0.0961498
12.5318	0.245333	0.487719	0.0954571
12.6161	0.246887	0.489356	0.0947754
12.7016	0.248456	0.491003	0.0940947
12.7871	0.250016	0.492636	0.093425
12.8727	0.251569	0.494254	0.092766
12.9582	0.253113	0.49586	0.0921175
13.045	0.254672	0.497475	0.0914701
13.1318	0.256222	0.499076	0.0908332
13.2186	0.257764	0.500663	0.0902066
13.3054	0.259297	0.502236	0.0895902
13.3935	0.260845	0.50382	0.0889748
13.4816	0.262384	0.505389	0.0883694
13.5697	0.263914	0.506945	0.0877741
13.6579	0.265435	0.508487	0.0871885
13.7474	0.266972	0.51004	0.0866037
13.8368	0.268499	0.511579	0.0860287
13.9263	0.270017	0.513103	0.0854632
14.0158	0.271527	0.514615	0.0849072
14.1067	0.27305	0.516136	0.084352
14.1976	0.274565	0.517644	0.0838062
14.2885	0.27607	0.519138	0.0832697
14.3794	0.277566	0.520618	0.0827422
14.4717	0.279076	0.522109	0.0822155
14.5641	0.280577	0.523586	0.0816978
14.6564	0.282068	0.525049	0.0811889
14.7488	0.28355	0.526499	0.0806889
14.8427	0.285047	0.527959	0.0801893
14.9366	0.286534	0.529406	0.0796985
15.0304	0.288011	0.530839	0.0792163
15.1243	0.289478	0.532259	0.0787424
15.2198	0.29096	0.533689	0.0782691
15.3152	0.292432	0.535106	0.0778041
15.4107	0.293893	0.536509	0.0773474
15.5061	0.295345	0.537899	0.0768987
15.6035	0.296815	0.539303	0.0764494
15.7008	0.298275	0.540693	0.0760082
15.7981	0.299725	0.54207	0.075575
15.8955	0.301164	0.543433	0.0751496
15.9943	0.302615	0.544804	0.0747254
16.0931	0.304055	0.546161	0.074309
16.1919	0.305485	0.547506	0.0739002
16.2908	0.306904	0.548837	0.0734989
16.3914	0.308339	0.550178	0.0730978
16.492	0.309763	0.551507	0.0727041
16.5926	0.311176	0.552822	0.0723177
16.6933	0.312578	0.554124	0.0719384
16.7958	0.313996	0.555437	0.0715593
16.8983	0.315403	0.556737	0.0711874
17.0008	0.316798	0.558024	0.0708224
17.1033	0.318183	0.559297	0.0704644
17.2078	0.319584	0.560582	0.0701064
17.3122	0.320973	0.561853	0.0697552
17.4167	0.322351	0.563112	0.0694108
17.5212	0.323718	0.564357	0.069073
17.6277	0.3251	0.565614	0.0687351
17.7342	0.326472	0.566857	0.0684038
17.8408	0.327831	0.568087	0.068079
17.9473	0.32918	0.569305	0.0677605
18.056	0.330544	0.570533	0.0674419
18.1647	0.331897	0.571749	0.0671297
18.2734	0.333238	0.572952	0.0668236
18.3821	0.334568	0.574142	0.0665235
18.4931	0.335914	0.575343	0.0662233
18.6041	0.337248	0.576531	0.0659292
18.7151	0.33857	0.577707	0.065641
18.826	0.339881	0.578869	0.0653585
18.9394	0.341208	0.580044	0.0650759
19.0528	0.342523	0.581205	0.064799
19.1662	0.343826	0.582354	0.0645278
19.2796	0.345117	0.58349	0.0642622
19.3956	0.346425	0.584638	0.0639962
19.5115	0.347721	0.585773	0.0637358
19.6275	0.349004	0.586895	0.0634808
19.7434	0.350276	0.588004	0.0632312
19.8621	0.351564	0.589126	0.0629811
19.9808	0.35284	0.590235	0.0627364
20.0994	0.354104	0.591331	0.0624969
20.2181	0.355356	0.592414	0.0622625
20.3396	0.356625	0.59351	0.0620275
20.4612	0.357881	0.594594	0.0617977
20.5827	0.359125	0.595664	0.0615729
20.7043	0.360357	0.596722	0.061353
20.8289	0.361607	0.597793	0.0611325
20.9536	0.362843	0.598851	0.0609168
21.0782	0.364067	0.599896	0.060706
21.2029	0.365279	0.600929	0.0604998
21.3306	0.366507	0.601974	0.0602932
21.4584	0.367723	0.603006	0.0600913
21.5862	0.368925	0.604026	0.059894
21.714	0.370115	0.605032	0.0597011
21.8455	0.371326	0.606055	0.0595072
21.977	0.372523	0.607064	0.0593179
22.1084	0.373706	0.60806	0.0591329
22.2399	0.374877	0.609043	0.0589523
22.3752	0.376068	0.610042	0.0587708
22.5104	0.377245	0.611027	0.0585936
22.6457	0.378408	0.611999	0.0584207
22.781	0.379558	0.612959	0.0582518
22.9207	0.380731	0.613936	0.0580817
23.0604	0.381891	0.6149	0.0579157
23.2001	0.383037	0.615851	0.0577538
23.3398	0.384168	0.616789	0.0575958
23.4816	0.385304	0.617728	0.0574394
23.6234	0.386425	0.618654	0.0572868
23.7652	0.387533	0.619567	0.057138
23.9071	0.388627	0.620467	0.0569929
24.0506	0.38972	0.621366	0.0568498
24.194	0.390799	0.622251	0.0567102
24.3375	0.391865	0.623125	0.056574
24.481	0.392918	0.623986	0.0564413
24.6262	0.39397	0.624845	0.0563103
24.7714	0.395008	0.625692	0.0561826
24.9166	0.396033	0.626527	0.0560581
25.0618	0.397046	0.62735	0.0559367
25.2088	0.398057	0.628171	0.055817
25.3557	0.399055	0.62898	0.0557003
25.5027	0.40004	0.629778	0.0555865
25.6496	0.401013	0.630565	0.0554756
25.7984	0.401985	0.631349	0.0553661
25.9471	0.402943	0.632122	0.0552595
26.0958	0.40389	0.632884	0.0551555
26.2446	0.404823	0.633635	0.0550542
26.3951	0.405756	0.634384	0.0549543
26.5457	0.406676	0.635122	0.0548569
26.6963	0.407584	0.635849	0.054762
26.8468	0.40848	0.636565	0.0546695
26.9993	0.409374	0.63728	0.0545783
27.1517	0.410257	0.637984	0.0544894
27.3041	0.411127	0.638678	0.0544029
27.4566	0.411986	0.639361	0.0543185
27.6109	0.412843	0.640043	0.0542353
27.7653	0.413689	0.640715	0.0541542
27.9196	0.414523	0.641376	0.0540752
28.0739	0.415345	0.642027	0.0539983
28.2302	0.416167	0.642677	0.0539224
28.3865	0.416976	0.643317	0.0538485
28.5429	0.417774	0.643947	0.0537765
28.6992	0.418561	0.644568	0.0537064
28.8575	0.419347	0.645187	0.0536373
29.0158	0.420122	0.645796	0.0535699
29.1741	0.420885	0.646397	0.0535044
29.3324	0.421638	0.646988	0.0534405
29.4927	0.422389	0.647577	0.0533775
29.6531	0.423129	0.648157	0.0533162
29.8134	0.423859	0.648728	0.0532565
29.9738	0.424578	0.64929	0.0531984
30.1362	0.425296	0.649851	0.053141
30.2987	0.426003	0.650403	0.0530852
30.4611	0.4267	0.650946	0.0530309
30.6236	0.427386	0.651481	0.052978
30.7882	0.428071	0.652014	0.0529258
30.9527	0.428746	0.652539	0.0528751
31.1173	0.429411	0.653055	0.0528256
31.2819	0.430066	0.653563	0.0527775
31.4487	0.430719	0.65407	0.0527301
31.6155	0.431362	0.654568	0.0526839
31.7823	0.431996	0.655059	0.052639
31.9491	0.43262	0.655541	0.0525953
32.1181	0.433243	0.656022	0.0525521
32.2872	0.433856	0.656496	0.0525102
32.4562	0.434459	0.656961	0.0524694
32.6253	0.435053	0.657419	0.0524296
32.7966	0.435646	0.657876	0.0523904
32.968	0.43623	0.658325	0.0523523
33.1393	0.436804	0.658766	0.0523153
33.3106	0.437369	0.6592	0.0522792
33.4844	0.437933	0.659633	0.0522436
33.6581	0.438488	0.660059	0.052209
33.8318	0.439034	0.660477	0.0521753
34.0055	0.439572	0.660889	0.0521426
34.1816	0.440108	0.661299	0.0521103
34.3577	0.440635	0.661702	0.0520789
34.5339	0.441154	0.662099	0.0520483
34.71	0.441664	0.662488	0.0520186
34.8886	0.442173	0.662877	0.0519893
35.0672	0.442674	0.663259	0.0519608
35.2458	0.443166	0.663634	0.0519331
35.4245	0.44365	0.664002	0.0519062
35.6056	0.444133	0.66437	0.0518796
35.7868	0.444608	0.664731	0.0518538
35.9679	0.445074	0.665086	0.0518287
36.1491	0.445533	0.665434	0.0518043
36.3329	0.445991	0.665782	0.0517802
36.5167	0.446441	0.666123	0.0517567
36.7004	0.446883	0.666458	0.051734
36.8842	0.447318	0.666788	0.0517119
37.0707	0.447751	0.667116	0.05169
37.2571	0.448177	0.667438	0.0516688
37.4436	0.448595	0.667755	0.0516482
37.63	0.449007	0.668065	0.0516281
37.8192	0.449417	0.668375	0.0516084
38.0085	0.449819	0.668679	0.0515891
38.1977	0.450215	0.668978	0.0515705
38.3869	0.450604	0.669271	0.0515523
38.5789	0.450991	0.669563	0.0515344
38.771	0.451372	0.66985	0.051517
38.963	0.451745	0.670131	0.0515001
39.1551	0.452112	0.670407	0.0514837
39.35	0.452478	0.670683	0.0514675
39.545	0.452837	0.670953	0.0514517
39.7399	0.45319	0.671218	0.0514364
39.9349	0.453536	0.671478	0.0514215
40.1328	0.453881	0.671737	0.0514069
40.3307	0.45422	0.671991	0.0513926
40.5287	0.454552	0.67224	0.0513788
40.7266	0.454878	0.672485	0.0513653
40.9276	0.455203	0.672728	0.0513521
41.1287	0.455522	0.672967	0.0513392
41.3297	0.455835	0.673202	0.0513267
41.5307	0.456142	0.673431	0.0513145
41.7349	0.456448	0.67366	0.0513025
41.9391	0.456749	0.673885	0.0512908
42.1432	0.457043	0.674105	0.0512795
42.3474	0.457332	0.67432	0.0512685
42.5549	0.457619	0.674535	0.0512577
42.7623	0.457901	0.674746	0.0512471
42.9698	0.458178	0.674952	0.0512369
43.1772	0.458449	0.675155	0.0512269
43.388	0.458719	0.675356	0.0512171
43.5988	0.458984	0.675553	0.0512076
43.8096	0.459244	0.675747	0.0511983
44.0204	0.459498	0.675936	0.0511894
44.2347	0.459751	0.676125	0.0511805
44.4489	0.46	0.67631	0.0511719
44.6632	0.460243	0.676491	0.0511635
44.8774	0.460481	0.676668	0.0511554
45.0953	0.460719	0.676845	0.0511474
45.3131	0.460951	0.677018	0.0511396
45.5309	0.461179	0.677187	0.0511321
45.7487	0.461402	0.677353	0.0511247
45.9694	0.461624	0.677517	0.0511175
46.19	0.46184	0.677678	0.0511105
46.4106	0.462053	0.677835	0.0511037
46.6313	0.46226	0.677989	0.0510971
46.8545	0.462466	0.678142	0.0510906
47.0776	0.462668	0.678291	0.0510843
47.3008	0.462865	0.678438	0.0510782
47.524	0.463058	0.678581	0.0510723
47.75	0.463249	0.678723	0.0510665
47.9761	0.463437	0.678861	0.0510608
48.2021	0.46362	0.678997	0.0510553
48.4281	0.4638	0.67913	0.05105
48.6572	0.463977	0.679262	0.0510447
48.8863	0.464151	0.67939	0.0510396
49.1153	0.464322	0.679516	0.0510347
49.3444	0.464488	0.67964	0.0510299
49.5766	0.464654	0.679762	0.0510251
49.8089	0.464815	0.679881	0.0510205
50.0411	0.464973	0.679998	0.0510161
50.2734	0.465128	0.680112	0.0510117
50.509	0.465281	0.680226	0.0510075
50.7447	0.465431	0.680336	0.0510033
50.9803	0.465578	0.680445	0.0509993
51.216	0.465721	0.680551	0.0509954
51.4551	0.465864	0.680655	0.0509916
51.6942	0.466003	0.680758	0.0509878
51.9334	0.466139	0.680858	0.0509842
52.1725	0.466271	0.680956	0.0509807
52.4153	0.466403	0.681053	0.0509772
52.6582	0.466532	0.681148	0.0509738
52.901	0.466658	0.681241	0.0509706
53.1438	0.466781	0.681332	0.0509674
53.3905	0.466903	0.681422	0.0509643
53.6372	0.467022	0.681509	0.0509612
53.8839	0.467138	0.681595	0.0509583
54.1306	0.467252	0.681679	0.0509554
54.3813	0.467365	0.681762	0.0509526
54.6321	0.467475	0.681843	0.0509499
54.8828	0.467582	0.681922	0.0509472
55.1336	0.467687	0.681999	0.0509446
55.3886	0.467791	0.682076	0.0509421
55.6436	0.467893	0.682151	0.0509396
55.8985	0.467992	0.682224	0.0509372
56.1535	0.468089	0.682295	0.0509349
56.4129	0.468185	0.682366	0.0509326
56.6724	0.468279	0.682434	0.0509303
56.9318	0.46837	0.682502	0.0509282
57.1912	0.468459	0.682567	0.0509261
57.4553	0.468548	0.682632	0.050924
57.7193	0.468634	0.682696	0.050922
57.9834	0.468718	0.682758	0.05092
58.2474	0.4688	0.682818	0.0509181
58.5163	0.468882	0.682878	0.0509163
58.7852	0.468961	0.682936	0.0509144
59.0542	0.469038	0.682993	0.0509127
59.3231	0.469114	0.683048	0.050911
59.597	0.469189	0.683103	0.0509093
59.871	0.469261	0.683157	0.0509076
60.145	0.469332	0.683209	0.0509061
60.419	0.469402	0.683259	0.0509045
60.6983	0.46947	0.68331	0.050903
60.9775	0.469537	0.683359	0.0509015
61.2568	0.469602	0.683407	0.0509001
61.5361	0.469665	0.683453	0.0508987
61.8209	0.469728	0.683499	0.0508973
62.1057	0.469789	0.683544	0.050896
62.3906	0.469849	0.683588	0.0508947
62.6754	0.469907	0.68363	0.0508935
62.966	0.469964	0.683672	0.0508922
63.2567	0.47002	0.683713	0.050891
63.5473	0.470074	0.683753	0.0508899
63.8379	0.470127	0.683792	0.0508888
64.1346	0.47018	0.68383	0.0508876
64.4313	0.470231	0.683868	0.0508866
64.728	0.47028	0.683904	0.0508855
65.0248	0.470328	0.683939	0.0508845
65.3278	0.470376	0.683974	0.0508835
65.6309	0.470423	0.684008	0.0508826
65.934	0.470468	0.684041	0.0508816
66.237	0.470512	0.684074	0.0508807
66.5468	0.470555	0.684105	0.0508798
66.8565	0.470597	0.684136	0.050879
67.1662	0.470638	0.684166	0.0508781
67.476	0.470678	0.684195	0.0508773
67.7927	0.470717	0.684224	0.0508765
68.1094	0.470756	0.684252	0.0508757
68.4261	0.470793	0.68428	0.050875
68.7428	0.470829	0.684306	0.0508742
69.0669	0.470864	0.684332	0.0508735
69.3909	0.470899	0.684357	0.0508728
69.715	0.470933	0.684382	0.0508721
70.0391	0.470965	0.684406	0.0508715
70.3708	0.470997	0.684429	0.0508708
70.7026	0.471029	0.684452	0.0508702
71.0344	0.471059	0.684474	0.0508696
71.3662	0.471088	0.684496	0.050869
71.706	0.471117	0.684517	0.0508685
72.0459	0.471145	0.684538	0.0508679
72.3858	0.471173	0.684558	0.0508674
72.7256	0.471199	0.684577	0.0508669
73.074	0.471225	0.684596	0.0508663
73.4224	0.47125	0.684615	0.0508658
73.7707	0.471275	0.684633	0.0508654
74.1191	0.471298	0.68465	0.0508649
74.4764	0.471322	0.684667	0.0508645
74.8338	0.471345	0.684684	0.050864
75.1911	0.471366	0.6847	0.0508636
75.5484	0.471388	0.684715	0.0508632
75.9152	0.471409	0.68473	0.0508628
76.282	0.471429	0.684745	0.0508624
76.6488	0.471448	0.684759	0.050862
77.0156	0.471467	0.684773	0.0508616
77.3923	0.471486	0.684787	0.0508613
77.7691	0.471504	0.6848	0.0508609
78.1458	0.471521	0.684813	0.0508606
78.5226	0.471538	0.684825	0.0508603
78.9099	0.471555	0.684837	0.05086
79.2972	0.471571	0.684849	0.0508597
79.6844	0.471586	0.68486	0.0508594
80.0717	0.471601	0.684871	0.0508591
80.4702	0.471616	0.684882	0.0508588
80.8686	0.47163	0.684892	0.0508585
81.267	0.471643	0.684902	0.0508583
81.6655	0.471656	0.684912	0.050858
82.0757	0.471669	0.684921	0.0508578
82.4859	0.471682	0.68493	0.0508575
82.8962	0.471694	0.684939	0.0508573
83.3064	0.471705	0.684948	0.0508571
83.7291	0.471717	0.684956	0.0508569
84.1519	0.471728	0.684964	0.0508567
84.5747	0.471738	0.684972	0.0508565
84.9974	0.471748	0.684979	0.0508563
85.4335	0.471758	0.684986	0.0508561
85.8695	0.471768	0.684993	0.0508559
86.3056	0.471777	0.685	0.0508557
86.7416	0.471786	0.685007	0.0508556
87.1919	0.471795	0.685013	0.0508554
87.6421	0.471803	0.685019	0.0508553
88.0923	0.471811	0.685025	0.0508551
88.5425	0.471819	0.68503	0.050855
89.0078	0.471826	0.685036	0.0508548
89.4731	0.471834	0.685041	0.0508547
89.9384	0.471841	0.685046	0.0508546
90.4037	0.471847	0.685051	0.0508544
90.8852	0.471854	0.685056	0.0508543
91.3666	0.47186	0.685061	0.0508542
91.848	0.471866	0.685065	0.0508541
92.3295	0.471872	0.685069	0.050854
92.8271	0.471877	0.685073	0.0508539
93.3246	0.471883	0.685077	0.0508538
93.8222	0.471888	0.685081	0.0508537
94.3198	0.471893	0.685084	0.0508536
94.8372	0.471897	0.685088	0.0508535
95.3545	0.471902	0.685091	0.0508534
95.8718	0.471906	0.685094	0.0508533
96.3892	0.47191	0.685097	0.0508533
96.9262	0.471915	0.6851	0.0508532
97.4633	0.471918	0.685103	0.0508531
98.0003	0.471922	0.685106	0.050853
98.5374	0.471926	0.685109	0.050853
98.903	0.471928	0.68511	0.0508529
99.2687	0.47193	0.685112	0.0508529
99.6343	0.471932	0.685113	0.0508529
100	0.471934	0.685115	0.0508528
