#time Q r MSE
0	1e-09	1e-09	0.516059
0.0292959	0.000154355	0.00199707	0.513486
0.0585918	0.000315011	0.00398831	0.510928
0.0878877	0.000481913	0.00597371	0.508384
0.117184	0.000655006	0.00795331	0.505854
0.168948	0.000975818	0.011437	0.501418
0.220713	0.00131548	0.0149028	0.497026
0.272477	0.00167371	0.0183506	0.492677
0.324242	0.00205019	0.0217806	0.48837
0.376182	0.00244602	0.0252045	0.484091
0.428123	0.00285965	0.0286107	0.479854
0.480064	0.0032908	0.0319992	0.475658
0.532004	0.00373918	0.0353702	0.471504
0.584372	0.0042084	0.0387512	0.467357
0.63674	0.00469457	0.0421145	0.463251
0.689107	0.00519741	0.0454603	0.459185
0.741475	0.00571664	0.0487886	0.45516
0.794275	0.00625646	0.0521267	0.451142
0.847074	0.00681239	0.0554473	0.447164
0.899874	0.00738415	0.0587504	0.443226
0.952673	0.00797147	0.0620361	0.439327
1.00591	0.00857913	0.0653314	0.435436
1.05915	0.00920207	0.0686093	0.431583
1.11238	0.00984002	0.0718698	0.427769
1.16562	0.0104927	0.0751129	0.423994
1.21927	0.0111651	0.0783637	0.420227
1.27292	0.011852	0.0815972	0.416499
1.32657	0.012553	0.0848134	0.412809
1.38021	0.013268	0.0880123	0.409157
1.43422	0.0140016	0.0912155	0.405517
1.48823	0.0147488	0.0944014	0.401915
1.54224	0.0155093	0.0975702	0.398349
1.59625	0.016283	0.100722	0.39482
1.65071	0.017076	0.103882	0.3913
1.70516	0.0178818	0.107026	0.387815
1.75961	0.0187003	0.110152	0.384368
1.81406	0.0195311	0.113261	0.380956
1.86925	0.0203855	0.116395	0.377536
1.92444	0.021252	0.119512	0.374152
1.97963	0.0221306	0.122612	0.370805
2.03481	0.0230209	0.125695	0.367494
2.0911	0.0239408	0.128822	0.364155
2.14738	0.0248724	0.131932	0.360854
2.20366	0.0258155	0.135024	0.35759
2.25995	0.02677	0.1381	0.354364
2.31763	0.0277596	0.141234	0.351096
2.37531	0.0287607	0.14435	0.347868
2.43298	0.029773	0.147449	0.344678
2.49066	0.0307964	0.150531	0.341527
2.54994	0.0318593	0.15368	0.33833
2.60921	0.0329334	0.156812	0.335172
2.66849	0.0340186	0.159926	0.332056
2.72777	0.0351145	0.163022	0.328979
2.78866	0.0362514	0.166185	0.325861
2.84955	0.0373994	0.16933	0.322784
2.91045	0.0385581	0.172457	0.319749
2.97134	0.0397275	0.175567	0.316756
3.03385	0.0409387	0.178741	0.313726
3.09636	0.0421608	0.181897	0.31074
3.15886	0.0433936	0.185036	0.307796
3.22137	0.0446368	0.188157	0.304895
3.28486	0.0459102	0.191309	0.301991
3.34836	0.0471941	0.194444	0.299129
3.41185	0.0484884	0.197562	0.296311
3.47535	0.0497929	0.200663	0.293534
3.53945	0.0511201	0.203777	0.290773
3.60356	0.0524574	0.206874	0.288054
3.66766	0.0538047	0.209954	0.285377
3.73176	0.0551618	0.213018	0.28274
3.79692	0.0565512	0.216117	0.280102
3.86208	0.0579506	0.219199	0.277504
3.92723	0.0593597	0.222265	0.274948
3.99239	0.0607785	0.225315	0.272431
4.05891	0.062237	0.228413	0.269903
4.12543	0.0637053	0.231496	0.267415
4.19195	0.0651834	0.234562	0.264967
4.25847	0.0666712	0.237614	0.262558
4.32659	0.0682049	0.240724	0.260132
4.39472	0.0697485	0.243818	0.257745
4.46284	0.071302	0.246897	0.255398
4.53097	0.0728654	0.249962	0.253089
4.60089	0.0744801	0.253091	0.250759
4.67081	0.0761049	0.256206	0.248469
4.74074	0.0777398	0.259306	0.246217
4.81066	0.0793847	0.262392	0.244003
4.88254	0.0810861	0.265549	0.241765
4.95443	0.0827979	0.268691	0.239567
5.02631	0.08452	0.271819	0.237407
5.09819	0.0862523	0.274932	0.235284
5.17187	0.0880384	0.278108	0.233146
5.24554	0.0898351	0.28127	0.231045
5.31922	0.0916424	0.284418	0.228982
5.39289	0.0934603	0.287552	0.226955
5.46798	0.0953237	0.290732	0.224926
5.54307	0.097198	0.293899	0.222933
5.61816	0.099083	0.297051	0.220976
5.69325	0.100979	0.300191	0.219053
5.76978	0.102922	0.303377	0.217128
5.84632	0.104876	0.30655	0.215239
5.92286	0.106841	0.30971	0.213383
5.99939	0.108817	0.312857	0.211561
6.07741	0.110843	0.316052	0.209737
6.15542	0.112879	0.319234	0.207946
6.23344	0.114927	0.322404	0.206188
6.31145	0.116986	0.325562	0.204462
6.39097	0.119096	0.328767	0.202736
6.47048	0.121217	0.331961	0.201041
6.55	0.12335	0.335142	0.199377
6.62951	0.125495	0.338311	0.197743
6.71054	0.127692	0.341529	0.19611
6.79157	0.1299	0.344736	0.194506
6.8726	0.132121	0.34793	0.192933
6.95363	0.134353	0.351113	0.191389
7.03619	0.136639	0.354345	0.189845
7.11876	0.138938	0.357566	0.18833
7.20132	0.141249	0.360776	0.186843
7.28388	0.143571	0.363974	0.185384
7.368	0.14595	0.367222	0.183926
7.45211	0.148341	0.370459	0.182496
7.53623	0.150744	0.373685	0.181093
7.62034	0.15316	0.376901	0.179716
7.70602	0.155634	0.380166	0.178341
7.79169	0.15812	0.38342	0.176992
7.87737	0.160619	0.386664	0.175668
7.96304	0.163131	0.389899	0.174371
8.05029	0.165702	0.393182	0.173074
8.13753	0.168286	0.396455	0.171803
8.22477	0.170883	0.399718	0.170557
8.31201	0.173493	0.402972	0.169335
8.40084	0.176165	0.406275	0.168115
8.48968	0.17885	0.409568	0.166918
8.57851	0.181548	0.412852	0.165745
8.66734	0.18426	0.416127	0.164595
8.75775	0.187035	0.419451	0.163448
8.84817	0.189823	0.422766	0.162323
8.93859	0.192625	0.426071	0.161221
9.02901	0.195442	0.429368	0.160141
9.12102	0.198322	0.432714	0.159063
9.21303	0.201217	0.436051	0.158007
9.30505	0.204126	0.439379	0.156972
9.39706	0.207049	0.442699	0.155958
9.49065	0.210038	0.446067	0.154947
9.58423	0.213041	0.449426	0.153957
9.67782	0.216059	0.452778	0.152987
9.77141	0.219092	0.45612	0.152037
9.86662	0.222193	0.459513	0.15109
9.96182	0.225309	0.462897	0.150162
10.057	0.22844	0.466273	0.149253
10.1522	0.231587	0.469642	0.148364
10.249	0.234802	0.473059	0.147478
10.3458	0.238032	0.476468	0.14661
10.4427	0.241279	0.479869	0.14576
10.5395	0.244541	0.483263	0.144928
10.6379	0.247874	0.486705	0.1441
10.7363	0.251223	0.49014	0.14329
10.8347	0.254588	0.493567	0.142496
10.9331	0.257969	0.496987	0.14172
11.0331	0.261422	0.500455	0.140947
11.1331	0.264892	0.503916	0.140191
11.2331	0.268379	0.50737	0.139451
11.3331	0.271882	0.510817	0.138727
11.4347	0.275459	0.514312	0.138006
11.5363	0.279052	0.5178	0.137302
11.6379	0.282663	0.521282	0.136613
11.7395	0.286292	0.524756	0.135938
11.8427	0.289995	0.528279	0.135268
11.946	0.293716	0.531795	0.134613
12.0492	0.297455	0.535304	0.133972
12.1524	0.301211	0.538807	0.133345
12.2572	0.305044	0.542358	0.132722
12.362	0.308896	0.545902	0.132113
12.4668	0.312765	0.54944	0.131517
12.5716	0.316653	0.552972	0.130935
12.678	0.320619	0.556551	0.130357
12.7845	0.324604	0.560124	0.129792
12.8909	0.328608	0.563691	0.129239
12.9973	0.33263	0.567253	0.128699
13.1053	0.336733	0.570862	0.128163
13.2133	0.340855	0.574465	0.127639
13.3213	0.344997	0.578062	0.127127
13.4294	0.349157	0.581654	0.126627
13.539	0.3534	0.585293	0.126131
13.6486	0.357662	0.588927	0.125646
13.7583	0.361945	0.592555	0.125172
13.8679	0.366247	0.596177	0.12471
13.9791	0.370633	0.599847	0.124251
14.0904	0.37504	0.603512	0.123803
14.2016	0.379467	0.607171	0.123365
14.3129	0.383914	0.610825	0.122938
14.4257	0.388448	0.614526	0.122514
14.5386	0.393002	0.618223	0.1221
14.6515	0.397577	0.621914	0.121696
14.7643	0.402174	0.6256	0.121302
14.8788	0.406858	0.629334	0.120911
14.9933	0.411564	0.633063	0.120529
15.1078	0.416291	0.636787	0.120157
15.2223	0.42104	0.640506	0.119793
15.3384	0.425878	0.644272	0.119433
15.4545	0.430739	0.648034	0.119082
15.5706	0.435622	0.651791	0.118739
15.6867	0.440527	0.655543	0.118405
15.8044	0.445524	0.659344	0.118074
15.9222	0.450544	0.663139	0.11775
16.0399	0.455587	0.66693	0.117435
16.1577	0.460653	0.670717	0.117128
16.2771	0.465813	0.674551	0.116823
16.3965	0.470996	0.678381	0.116527
16.5158	0.476203	0.682207	0.116237
16.6352	0.481433	0.686028	0.115955
16.7563	0.486759	0.689898	0.115676
16.8773	0.492109	0.693762	0.115404
16.9983	0.497484	0.697623	0.115139
17.1194	0.502882	0.701479	0.11488
17.242	0.508378	0.705383	0.114624
17.3647	0.513899	0.709283	0.114375
17.4873	0.519444	0.713179	0.114133
17.61	0.525014	0.71707	0.113896
17.7343	0.530685	0.721011	0.113662
17.8587	0.536382	0.724947	0.113435
17.983	0.542104	0.72888	0.113213
18.1073	0.547851	0.732808	0.112997
18.2333	0.553701	0.736785	0.112783
18.3593	0.559577	0.740758	0.112575
18.4853	0.565479	0.744726	0.112373
18.6113	0.571407	0.748692	0.112176
18.7389	0.57744	0.752705	0.111982
18.8666	0.5835	0.756715	0.111793
18.9942	0.589586	0.760721	0.111609
19.1219	0.5957	0.764724	0.111429
19.2512	0.601922	0.768776	0.111253
19.3806	0.608172	0.772824	0.111081
19.5099	0.614449	0.776869	0.110914
19.6393	0.620753	0.780911	0.110751
19.7703	0.627165	0.784999	0.110591
19.9012	0.633605	0.789084	0.110435
20.0322	0.640073	0.793166	0.110284
20.1632	0.646569	0.797244	0.110137
20.2959	0.653177	0.801371	0.109992
20.4285	0.659813	0.805494	0.109852
20.5612	0.666478	0.809614	0.109715
20.6938	0.673173	0.813731	0.109582
20.8282	0.679981	0.817896	0.109452
20.9625	0.686819	0.822058	0.109325
21.0968	0.693686	0.826217	0.109202
21.2311	0.700583	0.830373	0.109083
21.3671	0.707596	0.834577	0.108966
21.5031	0.714639	0.838778	0.108852
21.6391	0.721712	0.842975	0.108742
21.7752	0.728816	0.84717	0.108636
21.9128	0.736038	0.851413	0.108531
22.0505	0.743291	0.855654	0.108429
22.1882	0.750575	0.859891	0.108331
22.3259	0.75789	0.864125	0.108236
22.4652	0.765326	0.868408	0.108143
22.6046	0.772794	0.872688	0.108053
22.744	0.780294	0.876965	0.107966
22.8833	0.787825	0.881239	0.107882
23.0244	0.79548	0.885562	0.107799
23.1654	0.803167	0.889882	0.10772
23.3065	0.810886	0.894199	0.107643
23.4475	0.818638	0.898514	0.107569
23.5902	0.826516	0.902877	0.107496
23.733	0.834428	0.907237	0.107426
23.8757	0.842372	0.911595	0.107359
24.0184	0.85035	0.91595	0.107294
24.1628	0.858456	0.920353	0.107231
24.3073	0.866595	0.924754	0.107171
24.4517	0.874769	0.929152	0.107112
24.5961	0.882977	0.933548	0.107056
24.7422	0.891316	0.937992	0.107002
24.8883	0.89969	0.942434	0.10695
25.0344	0.908098	0.946874	0.1069
25.1805	0.916541	0.95131	0.106852
25.3283	0.925118	0.955796	0.106806
25.4761	0.933731	0.96028	0.106761
25.624	0.94238	0.964761	0.106719
25.7718	0.951064	0.969239	0.106679
25.9213	0.959883	0.973766	0.10664
26.0708	0.968739	0.978291	0.106603
26.2203	0.977631	0.982813	0.106568
26.3698	0.986559	0.987333	0.106535
26.5209	0.995626	0.991901	0.106503
26.6721	1.00473	0.996468	0.106473
26.8233	1.01387	1.00103	0.106445
26.9745	1.02305	1.00559	0.106418
27.1281	1.03241	1.01022	0.106393
27.2817	1.04181	1.01485	0.106369
27.4353	1.05125	1.01948	0.106347
27.5889	1.06073	1.02411	0.106326
27.7453	1.07042	1.02881	0.106306
27.9017	1.08016	1.03352	0.106288
28.0582	1.08993	1.03822	0.106272
28.2146	1.09974	1.04292	0.106257
28.3739	1.10977	1.04771	0.106243
28.5332	1.11985	1.05249	0.106231
28.6925	1.12996	1.05727	0.10622
28.8518	1.14012	1.06205	0.10621
29.014	1.15051	1.06692	0.106202
29.1762	1.16094	1.07178	0.106194
29.3385	1.17141	1.07664	0.106188
29.5007	1.18192	1.0815	0.106184
29.6659	1.19268	1.08644	0.10618
29.8311	1.20347	1.09139	0.106178
29.9963	1.21431	1.09633	0.106177
30.1615	1.2252	1.10126	0.106177
30.3298	1.23633	1.10629	0.106179
30.498	1.2475	1.11132	0.106181
30.6662	1.25873	1.11634	0.106185
30.8344	1.26999	1.12136	0.10619
31.0057	1.28152	1.12647	0.106195
31.177	1.29308	1.13158	0.106202
31.3483	1.3047	1.13668	0.10621
31.5196	1.31636	1.14179	0.106219
31.694	1.32829	1.14698	0.106229
31.8684	1.34026	1.15217	0.10624
32.0428	1.35229	1.15736	0.106252
32.2173	1.36436	1.16255	0.106265
32.3949	1.37671	1.16783	0.10628
32.5725	1.3891	1.17311	0.106295
32.7501	1.40155	1.17839	0.106311
32.9277	1.41405	1.18367	0.106327
33.1085	1.42683	1.18903	0.106345
33.2893	1.43966	1.1944	0.106364
33.4701	1.45254	1.19976	0.106384
33.6509	1.46548	1.20513	0.106404
33.835	1.47871	1.21059	0.106426
34.0191	1.49199	1.21604	0.106448
34.2032	1.50533	1.2215	0.106471
34.3873	1.51872	1.22695	0.106495
34.5747	1.53241	1.2325	0.10652
34.7622	1.54616	1.23805	0.106545
34.9496	1.55996	1.24359	0.106571
35.137	1.57383	1.24914	0.106598
35.3278	1.588	1.25478	0.106626
35.5187	1.60223	1.26042	0.106655
35.7095	1.61652	1.26606	0.106684
35.9003	1.63087	1.27169	0.106714
36.0946	1.64554	1.27743	0.106745
36.2888	1.66026	1.28317	0.106777
36.4831	1.67506	1.2889	0.106809
36.6773	1.68991	1.29463	0.106842
36.875	1.70509	1.30046	0.106875
37.0728	1.72033	1.30629	0.10691
37.2705	1.73564	1.31212	0.106945
37.4682	1.75101	1.31794	0.10698
37.6695	1.76672	1.32387	0.107016
37.8708	1.7825	1.3298	0.107053
38.0721	1.79835	1.33573	0.107091
38.2734	1.81426	1.34165	0.107128
38.4784	1.83053	1.34768	0.107167
38.6833	1.84686	1.35371	0.107206
38.8882	1.86326	1.35973	0.107246
39.0932	1.87973	1.36576	0.107286
39.3018	1.89657	1.37189	0.107327
39.5104	1.91347	1.37802	0.107369
39.719	1.93045	1.38414	0.107411
39.9276	1.9475	1.39027	0.107453
40.1399	1.96492	1.3965	0.107496
40.3523	1.98242	1.40273	0.10754
40.5646	1.99999	1.40896	0.107584
40.7769	2.01764	1.41519	0.107628
40.9931	2.03567	1.42153	0.107673
41.2092	2.05378	1.42787	0.107719
41.4254	2.07197	1.4342	0.107765
41.6415	2.09023	1.44053	0.107811
41.8615	2.10889	1.44698	0.107858
42.0815	2.12764	1.45342	0.107905
42.3014	2.14646	1.45986	0.107953
42.5214	2.16536	1.4663	0.108001
42.7453	2.18468	1.47285	0.108049
42.9693	2.20408	1.47941	0.108098
43.1932	2.22356	1.48596	0.108148
43.4171	2.24313	1.4925	0.108197
43.645	2.26312	1.49917	0.108248
43.8729	2.2832	1.50583	0.108298
44.1008	2.30336	1.51249	0.108349
44.3287	2.32361	1.51915	0.1084
44.5607	2.34431	1.52592	0.108452
44.7927	2.36509	1.5327	0.108504
45.0246	2.38596	1.53947	0.108556
45.2566	2.40691	1.54624	0.108608
45.4927	2.42833	1.55313	0.108661
45.7288	2.44984	1.56002	0.108715
45.9649	2.47144	1.5669	0.108768
46.201	2.49313	1.57379	0.108822
46.4412	2.5153	1.58079	0.108876
46.6815	2.53756	1.5878	0.108931
46.9218	2.55991	1.5948	0.108986
47.162	2.58236	1.6018	0.10904
47.4066	2.6053	1.60893	0.109096
47.6511	2.62834	1.61605	0.109152
47.8957	2.65147	1.62317	0.109207
48.1402	2.67471	1.63029	0.109263
48.3891	2.69845	1.63753	0.10932
48.6379	2.72229	1.64478	0.109376
48.8868	2.74624	1.65202	0.109433
49.1357	2.77028	1.65926	0.10949
49.389	2.79485	1.66662	0.109548
49.6422	2.81953	1.67399	0.109605
49.8955	2.84431	1.68135	0.109663
50.1488	2.8692	1.68872	0.10972
50.4065	2.89463	1.69621	0.109779
50.6643	2.92017	1.7037	0.109838
50.922	2.94581	1.71119	0.109896
51.1798	2.97157	1.71867	0.109954
51.4421	2.99789	1.72629	0.110014
51.7045	3.02433	1.73391	0.110073
51.9668	3.05087	1.74153	0.110132
52.2292	3.07753	1.74914	0.110191
52.4961	3.10477	1.75689	0.110251
52.763	3.13212	1.76463	0.110311
53.03	3.15959	1.77238	0.110371
53.2969	3.18718	1.78012	0.110431
53.5677	3.21528	1.78797	0.110491
53.8385	3.2435	1.79583	0.110552
54.1093	3.27184	1.80368	0.110612
54.3801	3.3003	1.81153	0.110672
54.6566	3.32947	1.81954	0.110733
54.933	3.35877	1.82755	0.110794
55.2095	3.3882	1.83556	0.110855
55.486	3.41774	1.84357	0.110916
55.7672	3.44793	1.85171	0.110978
56.0485	3.47825	1.85986	0.111039
56.3298	3.50869	1.868	0.111101
56.6111	3.53927	1.87615	0.111162
56.8973	3.5705	1.88443	0.111224
57.1834	3.60187	1.89271	0.111286
57.4696	3.63337	1.90099	0.111348
57.7558	3.66501	1.90927	0.111409
58.047	3.69734	1.9177	0.111472
58.3383	3.72981	1.92612	0.111534
58.6296	3.76241	1.93454	0.111596
58.9208	3.79516	1.94297	0.111658
59.2172	3.82862	1.95153	0.111721
59.5135	3.86222	1.9601	0.111783
59.8099	3.89596	1.96867	0.111846
60.1062	3.92984	1.97723	0.111908
60.4078	3.96447	1.98594	0.111971
60.7094	3.99924	1.99466	0.112034
61.0109	4.03416	2.00337	0.112096
61.3125	4.06923	2.01208	0.112159
61.6193	4.10506	2.02094	0.112222
61.9262	4.14104	2.0298	0.112285
62.233	4.17717	2.03866	0.112347
62.5398	4.21346	2.04751	0.11241
62.852	4.25054	2.05652	0.112473
63.1642	4.28778	2.06554	0.112536
63.4765	4.32518	2.07454	0.112599
63.7887	4.36273	2.08355	0.112662
64.1064	4.40111	2.09272	0.112725
64.4241	4.43965	2.10188	0.112788
64.7418	4.47835	2.11104	0.112851
65.0595	4.51721	2.12021	0.112914
65.3828	4.55692	2.12953	0.112977
65.706	4.59681	2.13885	0.113041
66.0293	4.63686	2.14817	0.113104
66.3525	4.67707	2.15748	0.113166
66.6814	4.71817	2.16696	0.11323
67.0103	4.75944	2.17644	0.113293
67.3392	4.80089	2.18592	0.113356
67.6682	4.84251	2.19539	0.113418
68.0028	4.88504	2.20503	0.113482
68.3375	4.92775	2.21467	0.113545
68.6722	4.97064	2.22431	0.113608
69.0069	5.01371	2.23395	0.113671
69.3473	5.05772	2.24375	0.113734
69.6878	5.10192	2.25356	0.113797
70.0283	5.1463	2.26336	0.11386
70.3688	5.19087	2.27316	0.113922
70.7153	5.23641	2.28313	0.113985
71.0617	5.28215	2.2931	0.114048
71.4081	5.32808	2.30307	0.114111
71.7546	5.3742	2.31304	0.114173
72.1071	5.42133	2.32318	0.114237
72.4596	5.46866	2.33332	0.114299
72.812	5.51618	2.34346	0.114362
73.1645	5.56391	2.35359	0.114424
73.5232	5.61268	2.36391	0.114487
73.8818	5.66166	2.37422	0.11455
74.2405	5.71085	2.38453	0.114612
74.5991	5.76024	2.39484	0.114674
74.964	5.81071	2.40533	0.114737
75.3289	5.86139	2.41582	0.114799
75.6938	5.91229	2.42631	0.114861
76.0587	5.9634	2.43679	0.114923
76.4299	6.01563	2.44746	0.114985
76.8012	6.06807	2.45813	0.115048
77.1724	6.12074	2.46879	0.115109
77.5437	6.17364	2.47946	0.115171
77.9214	6.22768	2.49031	0.115233
78.2991	6.28195	2.50116	0.115295
78.6768	6.33645	2.512	0.115357
79.0545	6.39118	2.52285	0.115418
79.4388	6.44711	2.53388	0.11548
79.823	6.50327	2.54492	0.115542
80.2073	6.55967	2.55595	0.115603
80.5916	6.61631	2.56698	0.115664
80.9826	6.67417	2.5782	0.115725
81.3735	6.73229	2.58942	0.115787
81.7645	6.79065	2.60064	0.115848
82.1555	6.84926	2.61186	0.115908
82.5532	6.90914	2.62328	0.11597
82.951	6.96928	2.63469	0.116031
83.3487	7.02967	2.6461	0.116091
83.7465	7.09032	2.65751	0.116151
84.1512	7.15229	2.66912	0.116212
84.5559	7.21452	2.68073	0.116273
84.9605	7.27701	2.69233	0.116333
85.3652	7.33977	2.70394	0.116393
85.7769	7.40389	2.71575	0.116454
86.1886	7.46829	2.72755	0.116514
86.6003	7.53296	2.73935	0.116574
87.012	7.5979	2.75116	0.116634
87.4309	7.66425	2.76317	0.116694
87.8497	7.73089	2.77517	0.116754
88.2686	7.7978	2.78718	0.116813
88.6875	7.865	2.79918	0.116872
89.1136	7.93366	2.81139	0.116932
89.5397	8.00262	2.82361	0.116992
89.9658	8.07186	2.83582	0.117051
90.392	8.1414	2.84803	0.117109
90.8255	8.21245	2.86045	0.117169
91.259	8.2838	2.87287	0.117228
91.6925	8.35545	2.88528	0.117286
92.126	8.42741	2.8977	0.117345
92.5671	8.50093	2.91034	0.117404
93.0081	8.57476	2.92297	0.117462
93.4492	8.6489	2.9356	0.117521
93.8902	8.72336	2.94823	0.117578
94.3389	8.79944	2.96108	0.117637
94.7876	8.87583	2.97392	0.117695
95.2363	8.95256	2.98677	0.117753
95.685	9.02961	2.99962	0.11781
96.1414	9.10832	3.01268	0.117868
96.5979	9.18738	3.02575	0.117926
97.0544	9.26677	3.03882	0.117983
97.5108	9.3465	3.05188	0.11804
97.9752	9.42795	3.06517	0.118098
98.4396	9.50976	3.07846	0.118155
98.904	9.59191	3.09175	0.118212
99.3683	9.67441	3.10504	0.118268
99.5262	9.70254	3.10956	0.118288
99.6842	9.73071	3.11407	0.118307
99.8421	9.75893	3.11859	0.118326
100	9.78718	3.12311	0.118345
