#time Q r MSE
0	1e-09	1e-09	0.920537
0.0209534	0.000196094	0.00199791	0.916919
0.0419068	0.000398578	0.00399163	0.913315
0.0628602	0.000607414	0.00598118	0.909726
0.0838135	0.00082256	0.00796657	0.906151
0.129044	0.0013083	0.0122381	0.898483
0.174274	0.00182287	0.0164904	0.89088
0.219504	0.00236586	0.0207234	0.883342
0.264735	0.00293688	0.0249374	0.875868
0.310066	0.00353692	0.0291417	0.868442
0.355398	0.00416435	0.033327	0.86108
0.400729	0.00481878	0.0374933	0.853781
0.446061	0.00549983	0.0416409	0.846544
0.491718	0.00621231	0.0457992	0.839318
0.537376	0.00695105	0.0499387	0.832155
0.583033	0.00771566	0.0540593	0.825053
0.628691	0.00850578	0.0581611	0.818013
0.674677	0.009327	0.0622736	0.810984
0.720664	0.0101733	0.0663672	0.804015
0.76665	0.0110445	0.070442	0.797108
0.812636	0.01194	0.0744981	0.79026
0.858956	0.0128663	0.0785648	0.783423
0.905276	0.0138166	0.0826128	0.776646
0.951596	0.0147907	0.086642	0.769928
0.997915	0.015788	0.0906526	0.763269
1.04457	0.0168158	0.0946737	0.756621
1.09123	0.0178666	0.0986762	0.750031
1.13789	0.01894	0.10266	0.743499
1.18455	0.0200356	0.106625	0.737025
1.23155	0.0211614	0.110601	0.730561
1.27855	0.0223092	0.114558	0.724155
1.32555	0.0234784	0.118497	0.717805
1.37255	0.0246688	0.122417	0.711512
1.4199	0.0258892	0.126348	0.705229
1.46726	0.0271304	0.13026	0.699002
1.51461	0.0283921	0.134153	0.69283
1.56196	0.029674	0.138028	0.686715
1.60966	0.0309854	0.141914	0.680608
1.65737	0.0323167	0.145781	0.674557
1.70507	0.0336675	0.14963	0.668561
1.75277	0.0350373	0.153461	0.662618
1.80084	0.0364365	0.157301	0.656685
1.8489	0.0378544	0.161123	0.650807
1.89696	0.0392908	0.164927	0.644981
1.94502	0.0407454	0.168713	0.639209
1.99344	0.0422287	0.172509	0.633447
2.04186	0.0437298	0.176286	0.627738
2.09028	0.0452484	0.180045	0.622081
2.13869	0.0467841	0.183785	0.616475
2.18747	0.0483481	0.187535	0.610881
2.23624	0.049929	0.191267	0.605338
2.28502	0.0515263	0.194981	0.599846
2.33379	0.0531397	0.198676	0.594405
2.38293	0.0547813	0.202381	0.588975
2.43207	0.0564387	0.206068	0.583594
2.48121	0.0581115	0.209737	0.578265
2.53035	0.0597996	0.213387	0.572984
2.57988	0.0615161	0.217049	0.567713
2.6294	0.0632475	0.220692	0.562491
2.67893	0.0649934	0.224318	0.557318
2.72846	0.0667537	0.227925	0.552194
2.77841	0.0685432	0.231546	0.547075
2.82836	0.0703468	0.235148	0.542005
2.87831	0.072164	0.238733	0.536984
2.92827	0.0739946	0.2423	0.532011
2.9787	0.0758561	0.245883	0.527039
3.02913	0.0777307	0.249448	0.522115
3.07956	0.0796182	0.252995	0.51724
3.12999	0.0815182	0.256524	0.512412
3.18096	0.0834508	0.260073	0.507582
3.23192	0.0853958	0.263604	0.502799
3.28289	0.0873528	0.267117	0.498065
3.33385	0.0893216	0.270613	0.493377
3.38541	0.091325	0.274131	0.488684
3.43697	0.0933399	0.277631	0.484039
3.48852	0.0953662	0.281113	0.479441
3.54008	0.0974034	0.284578	0.474891
3.59228	0.0994769	0.288068	0.470332
3.64447	0.101561	0.29154	0.465822
3.69667	0.103656	0.294994	0.461359
3.74887	0.105762	0.29843	0.456944
3.80175	0.107905	0.301894	0.452518
3.85463	0.110058	0.30534	0.448141
3.9075	0.112221	0.308768	0.443812
3.96038	0.114394	0.312178	0.43953
4.01398	0.116606	0.315617	0.435239
4.06758	0.118828	0.319038	0.430995
4.12118	0.121059	0.322442	0.426799
4.17478	0.123299	0.325828	0.422651
4.22913	0.125579	0.329244	0.418494
4.28348	0.127869	0.332641	0.414384
4.33782	0.130167	0.336021	0.410323
4.39217	0.132473	0.339384	0.406309
4.44729	0.134821	0.342777	0.402286
4.50242	0.137177	0.346153	0.398311
4.55754	0.139542	0.349511	0.394385
4.61267	0.141914	0.352852	0.390506
4.66859	0.144328	0.356223	0.386619
4.7245	0.14675	0.359576	0.382781
4.78042	0.14918	0.362912	0.378991
4.83633	0.151617	0.366231	0.375248
4.89307	0.154098	0.369581	0.371498
4.9498	0.156585	0.372914	0.367797
5.00654	0.15908	0.376229	0.364143
5.06328	0.161582	0.379527	0.360536
5.12084	0.164128	0.382857	0.356925
5.17841	0.16668	0.386169	0.353361
5.23598	0.169239	0.389464	0.349844
5.29355	0.171804	0.392742	0.346375
5.35196	0.174414	0.396051	0.342901
5.41037	0.17703	0.399343	0.339475
5.46879	0.179653	0.402619	0.336096
5.5272	0.182282	0.405877	0.332764
5.58647	0.184955	0.409166	0.329429
5.64574	0.187634	0.412439	0.326142
5.70501	0.190319	0.415694	0.3229
5.76428	0.19301	0.418933	0.319705
5.82443	0.195747	0.422204	0.316508
5.88457	0.198489	0.425458	0.313357
5.94472	0.201237	0.428695	0.310252
6.00487	0.203991	0.431916	0.307192
6.06591	0.20679	0.435169	0.304132
6.12695	0.209595	0.438404	0.301117
6.18799	0.212405	0.441624	0.298147
6.24903	0.215221	0.444827	0.295221
6.31096	0.218082	0.448061	0.292297
6.3729	0.220949	0.451279	0.289417
6.43483	0.223821	0.454481	0.286581
6.49677	0.226698	0.457668	0.283788
6.55961	0.229622	0.460885	0.280998
6.62246	0.23255	0.464086	0.278251
6.6853	0.235484	0.467271	0.275546
6.74815	0.238422	0.470441	0.272884
6.81192	0.241408	0.473641	0.270225
6.87568	0.244398	0.476826	0.267608
6.93945	0.247392	0.479995	0.265033
7.00322	0.250392	0.483149	0.262499
7.06791	0.253439	0.486334	0.259968
7.13261	0.256491	0.489503	0.257479
7.19731	0.259547	0.492657	0.25503
7.26201	0.262607	0.495796	0.252621
7.32765	0.265716	0.498965	0.250217
7.39329	0.268829	0.502119	0.247852
7.45893	0.271946	0.505258	0.245526
7.52457	0.275067	0.508383	0.243239
7.59116	0.278238	0.511537	0.240957
7.65775	0.281412	0.514677	0.238713
7.72434	0.28459	0.517802	0.236507
7.79093	0.287773	0.520913	0.234338
7.85848	0.291005	0.524054	0.232175
7.92603	0.294241	0.52718	0.230049
7.99358	0.29748	0.530292	0.227959
8.06114	0.300724	0.533389	0.225904
8.12966	0.304018	0.536517	0.223856
8.19819	0.307316	0.539631	0.221843
8.26672	0.310617	0.54273	0.219864
8.33524	0.313922	0.545816	0.21792
8.40475	0.317278	0.548931	0.215983
8.47425	0.320637	0.552032	0.214079
8.54375	0.324	0.555119	0.212209
8.61325	0.327366	0.558193	0.210371
8.68375	0.330784	0.561296	0.20854
8.75424	0.334206	0.564386	0.206742
8.82473	0.33763	0.567462	0.204976
8.89522	0.341059	0.570525	0.20324
8.96672	0.344539	0.573617	0.201512
9.03821	0.348023	0.576696	0.199814
9.1097	0.35151	0.579762	0.198147
9.18119	0.355	0.582814	0.19651
9.25369	0.358544	0.585897	0.19488
9.32619	0.36209	0.588966	0.193279
9.3987	0.36564	0.592022	0.191707
9.4712	0.369193	0.595065	0.190164
9.54468	0.372798	0.598136	0.188628
9.61817	0.376406	0.601194	0.18712
9.69165	0.380017	0.604239	0.18564
9.76514	0.383631	0.607272	0.184187
9.83968	0.387301	0.610336	0.18274
9.91423	0.390975	0.613387	0.18132
9.98877	0.394651	0.616425	0.179926
10.0633	0.398331	0.619451	0.178558
10.1389	0.402065	0.622507	0.177197
10.2145	0.405803	0.625551	0.175861
10.2901	0.409544	0.628582	0.17455
10.3657	0.413288	0.631601	0.173263
10.4423	0.417086	0.634649	0.171984
10.5189	0.420888	0.637684	0.170728
10.5956	0.424693	0.640708	0.169497
10.6722	0.428501	0.64372	0.168288
10.7499	0.432365	0.646761	0.167086
10.8275	0.436232	0.64979	0.165907
10.9052	0.440102	0.652807	0.164751
10.9829	0.443975	0.655813	0.163617
11.0616	0.447904	0.658848	0.162489
11.1404	0.451836	0.661871	0.161383
11.2191	0.455772	0.664882	0.160298
11.2978	0.459711	0.667882	0.159235
11.3776	0.463706	0.670911	0.158178
11.4574	0.467704	0.673928	0.157141
11.5372	0.471706	0.676934	0.156125
11.6171	0.47571	0.679929	0.155128
11.6979	0.479772	0.682953	0.154138
11.7788	0.483837	0.685966	0.153168
11.8597	0.487905	0.688967	0.152217
11.9406	0.491976	0.691957	0.151284
12.0225	0.496105	0.694976	0.150358
12.1045	0.500237	0.697984	0.149451
12.1864	0.504373	0.700982	0.148561
12.2684	0.508511	0.703968	0.14769
12.3514	0.512708	0.706983	0.146824
12.4344	0.516907	0.709987	0.145976
12.5175	0.52111	0.71298	0.145146
12.6005	0.525317	0.715963	0.144332
12.6846	0.529581	0.718975	0.143525
12.7688	0.533849	0.721975	0.142734
12.8529	0.53812	0.724965	0.141959
12.937	0.542395	0.727945	0.1412
13.0222	0.546728	0.730953	0.140448
13.1074	0.551064	0.733951	0.139711
13.1927	0.555404	0.736938	0.13899
13.2779	0.559747	0.739915	0.138283
13.3642	0.56415	0.74292	0.137583
13.4505	0.568556	0.745915	0.136897
13.5368	0.572965	0.7489	0.136226
13.6231	0.577378	0.751876	0.13557
13.7106	0.58185	0.754878	0.134919
13.798	0.586326	0.757871	0.134283
13.8854	0.590805	0.760855	0.13366
13.9728	0.595287	0.763828	0.13305
14.062	0.599866	0.766852	0.132442
14.1512	0.604447	0.769867	0.131848
14.2405	0.609033	0.772872	0.131266
14.3297	0.613621	0.775867	0.130698
14.4193	0.618235	0.778866	0.130139
14.5089	0.622852	0.781855	0.129594
14.5986	0.627473	0.784835	0.12906
14.6882	0.632097	0.787806	0.128539
14.779	0.636787	0.790807	0.128023
14.8699	0.641481	0.793799	0.127519
14.9607	0.646178	0.796782	0.127026
15.0515	0.650879	0.799755	0.126545
15.1434	0.655636	0.802752	0.126069
15.2352	0.660397	0.805741	0.125605
15.3271	0.665162	0.80872	0.125152
15.419	0.669931	0.81169	0.12471
15.5119	0.674761	0.814687	0.124273
15.6049	0.679595	0.817675	0.123847
15.6979	0.684433	0.820654	0.123431
15.7909	0.689274	0.823625	0.123025
15.885	0.694178	0.826622	0.122625
15.9791	0.699085	0.82961	0.122235
16.0732	0.703996	0.832589	0.121854
16.1673	0.708911	0.83556	0.121483
16.2625	0.713888	0.838557	0.121118
16.3577	0.718869	0.841546	0.120761
16.4529	0.723854	0.844526	0.120414
16.5481	0.728842	0.847497	0.120076
16.6444	0.733894	0.850495	0.119744
16.7408	0.738949	0.853484	0.11942
16.8371	0.744009	0.856465	0.119105
16.9334	0.749072	0.859438	0.118798
17.0309	0.754199	0.862436	0.118496
17.1283	0.759329	0.865427	0.118203
17.2258	0.764464	0.868409	0.117918
17.3233	0.769602	0.871383	0.117642
17.4218	0.774804	0.874382	0.11737
17.5204	0.780009	0.877373	0.117106
17.619	0.785219	0.880356	0.11685
17.7175	0.790433	0.883332	0.116601
17.8172	0.795711	0.886333	0.116357
17.9169	0.800993	0.889326	0.116121
18.0166	0.806279	0.892311	0.115892
18.1163	0.81157	0.895289	0.11567
18.2171	0.816925	0.898291	0.115453
18.318	0.822284	0.901286	0.115243
18.4188	0.827647	0.904274	0.11504
18.5196	0.833014	0.907253	0.114844
18.6215	0.838446	0.910257	0.114652
18.7235	0.843882	0.913254	0.114467
18.8254	0.849322	0.916243	0.114288
18.9273	0.854766	0.919225	0.114116
19.0304	0.860276	0.922232	0.113949
19.1335	0.86579	0.925231	0.113787
19.2365	0.871309	0.928223	0.113632
19.3396	0.876833	0.931208	0.113483
19.4438	0.882421	0.934217	0.113338
19.548	0.888013	0.937219	0.113199
19.6522	0.893611	0.940213	0.113066
19.7564	0.899213	0.943201	0.112938
19.8617	0.904881	0.946213	0.112815
19.967	0.910553	0.949218	0.112697
20.0723	0.916231	0.952216	0.112585
20.1776	0.921913	0.955206	0.112478
20.2841	0.927659	0.958221	0.112376
20.3905	0.933411	0.961229	0.112278
20.4969	0.939168	0.96423	0.112186
20.6034	0.944929	0.967223	0.112099
20.7109	0.950756	0.970241	0.112016
20.8185	0.956588	0.973252	0.111937
20.926	0.962425	0.976256	0.111864
21.0336	0.968267	0.979253	0.111795
21.1423	0.974175	0.982274	0.111731
21.2509	0.980088	0.985288	0.11167
21.3596	0.986006	0.988296	0.111615
21.4683	0.991929	0.991296	0.111564
21.5781	0.997919	0.994321	0.111517
21.6878	1.00391	0.997339	0.111474
21.7976	1.00991	1.00035	0.111435
21.9074	1.01592	1.00335	0.111401
22.0187	1.02201	1.00639	0.11137
22.1299	1.02811	1.00942	0.111344
22.2412	1.03421	1.01245	0.111321
22.3525	1.04031	1.01547	0.111302
22.4654	1.04652	1.01852	0.111288
22.5783	1.05273	1.02157	0.111277
22.6912	1.05894	1.02461	0.111269
22.8041	1.06516	1.02765	0.111266
22.9187	1.07148	1.03073	0.111266
23.0333	1.0778	1.03379	0.11127
23.1479	1.08413	1.03686	0.111278
23.2625	1.09047	1.03991	0.111289
23.3787	1.0969	1.043	0.111304
23.495	1.10334	1.04609	0.111322
23.6112	1.10978	1.04917	0.111344
23.7275	1.11623	1.05224	0.111369
23.8454	1.12278	1.05536	0.111397
23.9634	1.12934	1.05846	0.111429
24.0813	1.1359	1.06156	0.111465
24.1993	1.14247	1.06465	0.111503
24.3189	1.14914	1.06778	0.111545
24.4386	1.15582	1.07091	0.111591
24.5582	1.1625	1.07403	0.111639
24.6779	1.16919	1.07714	0.11169
24.7993	1.17598	1.08029	0.111745
24.9206	1.18278	1.08343	0.111803
25.042	1.18959	1.08657	0.111864
25.1634	1.1964	1.0897	0.111928
25.2865	1.20331	1.09287	0.111995
25.4096	1.21023	1.09603	0.112065
25.5327	1.21716	1.09919	0.112138
25.6558	1.2241	1.10234	0.112214
25.7807	1.23114	1.10553	0.112293
25.9055	1.23819	1.10872	0.112374
26.0304	1.24524	1.11189	0.112459
26.1552	1.2523	1.11506	0.112546
26.2818	1.25947	1.11827	0.112636
26.4085	1.26664	1.12148	0.112729
26.5351	1.27383	1.12467	0.112824
26.6617	1.28102	1.12786	0.112922
26.7901	1.28831	1.13109	0.113023
26.9185	1.29562	1.13432	0.113127
27.0469	1.30293	1.13753	0.113233
27.1752	1.31025	1.14074	0.113341
27.3054	1.31768	1.14399	0.113453
27.4356	1.32512	1.14724	0.113567
27.5658	1.33256	1.15048	0.113682
27.6959	1.34001	1.15371	0.1138
27.8279	1.34757	1.15698	0.113922
27.9599	1.35514	1.16024	0.114046
28.0918	1.36272	1.1635	0.114171
28.2238	1.37031	1.16675	0.114299
28.3576	1.37801	1.17004	0.11443
28.4914	1.38571	1.17333	0.114563
28.6252	1.39343	1.17661	0.114698
28.759	1.40115	1.17988	0.114835
28.8946	1.40898	1.1832	0.114975
29.0302	1.41683	1.1865	0.115117
29.1658	1.42468	1.1898	0.115261
29.3014	1.43254	1.1931	0.115406
29.4389	1.44052	1.19643	0.115555
29.5764	1.4485	1.19976	0.115706
29.7138	1.4565	1.20308	0.115858
29.8513	1.4645	1.2064	0.116011
29.9906	1.47262	1.20975	0.116169
30.1299	1.48075	1.2131	0.116328
30.2692	1.48888	1.21645	0.116488
30.4085	1.49703	1.21978	0.116649
30.5497	1.50529	1.22316	0.116815
30.6909	1.51356	1.22653	0.116981
30.8321	1.52184	1.2299	0.117149
30.9732	1.53013	1.23326	0.117318
31.1163	1.53854	1.23666	0.117491
31.2594	1.54696	1.24005	0.117665
31.4024	1.55539	1.24344	0.117841
31.5455	1.56383	1.24682	0.118017
31.6904	1.57239	1.25024	0.118197
31.8354	1.58096	1.25366	0.118378
31.9803	1.58954	1.25707	0.118561
32.1253	1.59813	1.26047	0.118744
32.2722	1.60684	1.26392	0.118931
32.419	1.61556	1.26735	0.119119
32.5659	1.62429	1.27079	0.119308
32.7127	1.63303	1.27421	0.119498
32.8615	1.6419	1.27768	0.119692
33.0103	1.65077	1.28114	0.119886
33.1591	1.65966	1.2846	0.120082
33.3079	1.66855	1.28805	0.120278
33.4586	1.67757	1.29154	0.120478
33.6093	1.68661	1.29502	0.120678
33.76	1.69565	1.2985	0.12088
33.9108	1.7047	1.30197	0.121082
34.0634	1.71388	1.30548	0.121288
34.2161	1.72308	1.30899	0.121494
34.3687	1.73228	1.31249	0.121702
34.5214	1.74149	1.31599	0.12191
34.6761	1.75084	1.31952	0.122121
34.8307	1.76019	1.32306	0.122333
34.9854	1.76956	1.32658	0.122546
35.14	1.77893	1.3301	0.12276
35.2966	1.78844	1.33366	0.122977
35.4532	1.79796	1.33722	0.123194
35.6098	1.80749	1.34076	0.123412
35.7664	1.81703	1.34431	0.123631
35.925	1.8267	1.34789	0.123853
36.0836	1.83639	1.35147	0.124075
36.2422	1.84609	1.35504	0.124298
36.4008	1.8558	1.35861	0.124522
36.5614	1.86564	1.36222	0.124749
36.722	1.87549	1.36582	0.124976
36.8826	1.88536	1.36942	0.125204
37.0432	1.89524	1.37301	0.125432
37.2058	1.90526	1.37664	0.125663
37.3684	1.91529	1.38027	0.125895
37.531	1.92533	1.38389	0.126128
37.6936	1.93538	1.38751	0.12636
37.8582	1.94557	1.39116	0.126596
38.0228	1.95577	1.39481	0.126832
38.1875	1.96599	1.39846	0.127069
38.3521	1.97622	1.4021	0.127305
38.5188	1.98659	1.40578	0.127545
38.6855	1.99697	1.40946	0.127786
38.8522	2.00736	1.41313	0.128026
39.0188	2.01777	1.4168	0.128267
39.1876	2.02832	1.4205	0.128511
39.3563	2.03888	1.4242	0.128755
39.525	2.04946	1.4279	0.129
39.6938	2.06005	1.43159	0.129244
39.8646	2.07078	1.43532	0.129492
40.0354	2.08153	1.43905	0.12974
40.2062	2.09229	1.44277	0.129988
40.377	2.10306	1.44649	0.130236
40.5498	2.11398	1.45025	0.130487
40.7227	2.12492	1.454	0.130738
40.8956	2.13587	1.45774	0.13099
41.0685	2.14683	1.46149	0.131241
41.2435	2.15794	1.46527	0.131496
41.4185	2.16906	1.46905	0.13175
41.5934	2.1802	1.47282	0.132005
41.7684	2.19135	1.47659	0.132259
41.9455	2.20266	1.4804	0.132517
42.1226	2.21397	1.4842	0.132775
42.2997	2.22531	1.488	0.133032
42.4768	2.23665	1.4918	0.13329
42.656	2.24815	1.49563	0.13355
42.8353	2.25966	1.49946	0.133811
43.0145	2.27119	1.50329	0.134071
43.1937	2.28274	1.50711	0.134332
43.3751	2.29443	1.51097	0.134595
43.5564	2.30615	1.51483	0.134859
43.7378	2.31788	1.51868	0.135122
43.9191	2.32962	1.52253	0.135385
44.1026	2.34152	1.52642	0.135651
44.2862	2.35344	1.53031	0.135917
44.4697	2.36537	1.53418	0.136182
44.6532	2.37731	1.53806	0.136448
44.8389	2.38942	1.54198	0.136716
45.0246	2.40154	1.54589	0.136984
45.2102	2.41368	1.54979	0.137252
45.3959	2.42583	1.5537	0.13752
45.5838	2.43815	1.55764	0.137791
45.7717	2.45048	1.56158	0.138062
45.9595	2.46283	1.56551	0.138332
46.1474	2.47519	1.56944	0.138602
46.3374	2.48772	1.57341	0.138875
46.5275	2.50026	1.57738	0.139147
46.7176	2.51282	1.58134	0.13942
46.9076	2.5254	1.5853	0.139692
47.0999	2.53815	1.5893	0.139966
47.2922	2.55091	1.59329	0.140241
47.4845	2.56368	1.59728	0.140515
47.6767	2.57648	1.60127	0.140789
47.8712	2.58944	1.6053	0.141066
48.0657	2.60242	1.60932	0.141342
48.2602	2.61542	1.61334	0.141618
48.4547	2.62843	1.61735	0.141894
48.6515	2.64162	1.62141	0.142172
48.8482	2.65482	1.62546	0.14245
49.045	2.66804	1.6295	0.142728
49.2417	2.68128	1.63355	0.143005
49.4407	2.6947	1.63763	0.143285
49.6397	2.70813	1.64171	0.143565
49.8387	2.72158	1.64579	0.143844
50.0377	2.73504	1.64986	0.144123
50.239	2.74869	1.65397	0.144405
50.4403	2.76235	1.65808	0.144686
50.6415	2.77603	1.66218	0.144966
50.8428	2.78973	1.66628	0.145246
51.0464	2.8036	1.67043	0.145529
51.2499	2.8175	1.67456	0.145812
51.4535	2.83141	1.6787	0.146093
51.6571	2.84535	1.68283	0.146375
51.8629	2.85946	1.687	0.146659
52.0688	2.8736	1.69117	0.146943
52.2746	2.88775	1.69533	0.147226
52.4805	2.90193	1.69949	0.147508
52.6887	2.91628	1.70369	0.147793
52.8969	2.93066	1.70789	0.148078
53.105	2.94505	1.71208	0.148362
53.3132	2.95947	1.71627	0.148646
53.5237	2.97407	1.7205	0.148932
53.7342	2.98869	1.72473	0.149218
53.9448	3.00334	1.72896	0.149503
54.1553	3.018	1.73318	0.149788
54.3681	3.03285	1.73744	0.150075
54.581	3.04773	1.7417	0.150361
54.7938	3.06262	1.74595	0.150647
55.0067	3.07754	1.7502	0.150933
55.2219	3.09264	1.75449	0.151221
55.4372	3.10777	1.75878	0.151508
55.6524	3.12292	1.76307	0.151795
55.8676	3.13809	1.76735	0.152081
56.0852	3.15345	1.77167	0.15237
56.3029	3.16884	1.77599	0.152658
56.5205	3.18425	1.78031	0.152945
56.7381	3.19968	1.78462	0.153232
56.9581	3.21531	1.78898	0.153522
57.1781	3.23096	1.79333	0.15381
57.3981	3.24663	1.79767	0.154098
57.6181	3.26232	1.80202	0.154386
57.8405	3.27821	1.8064	0.154676
58.063	3.29413	1.81079	0.154965
58.2854	3.31007	1.81517	0.155254
58.5078	3.32603	1.81954	0.155541
58.7326	3.34219	1.82396	0.155832
58.9575	3.35838	1.82837	0.156122
59.1823	3.37459	1.83278	0.156411
59.4072	3.39083	1.83719	0.156699
59.6344	3.40727	1.84164	0.15699
59.8617	3.42373	1.84609	0.15728
60.089	3.44022	1.85053	0.157569
60.3163	3.45673	1.85497	0.157858
60.5461	3.47345	1.85945	0.158149
60.7758	3.49019	1.86393	0.158439
61.0056	3.50696	1.86841	0.158729
61.2353	3.52375	1.87288	0.159018
61.4676	3.54076	1.8774	0.159309
61.6998	3.55778	1.88191	0.1596
61.932	3.57484	1.88642	0.159889
62.1642	3.59192	1.89092	0.160179
62.399	3.60921	1.89547	0.16047
62.6337	3.62653	1.90001	0.160761
62.8684	3.64387	1.90455	0.161051
63.1031	3.66125	1.90909	0.16134
63.3404	3.67883	1.91367	0.161632
63.5776	3.69644	1.91825	0.161922
63.8149	3.71408	1.92283	0.162212
64.0521	3.73175	1.9274	0.162502
64.2919	3.74964	1.93201	0.162793
64.5316	3.76755	1.93663	0.163084
64.7714	3.78549	1.94123	0.163374
65.0112	3.80346	1.94584	0.163664
65.2535	3.82164	1.95049	0.163955
65.4958	3.83986	1.95514	0.164246
65.7381	3.85811	1.95978	0.164536
65.9804	3.87638	1.96442	0.164825
66.2253	3.89488	1.9691	0.165117
66.4702	3.9134	1.97378	0.165407
66.7151	3.93196	1.97846	0.165697
66.96	3.95054	1.98313	0.165986
67.2074	3.96935	1.98785	0.166278
67.4549	3.98819	1.99256	0.166568
67.7024	4.00706	1.99728	0.166858
67.9498	4.02597	2.00198	0.167147
68.1999	4.0451	2.00674	0.167438
68.45	4.06426	2.01149	0.167729
68.7	4.08345	2.01623	0.168018
68.9501	4.10267	2.02098	0.168307
69.2028	4.12212	2.02577	0.168598
69.4555	4.14161	2.03055	0.168888
69.7081	4.16113	2.03533	0.169177
69.9608	4.18067	2.04011	0.169465
70.2161	4.20046	2.04493	0.169756
70.4715	4.22027	2.04976	0.170046
70.7268	4.24012	2.05457	0.170335
70.9821	4.26	2.05939	0.170623
71.2401	4.28012	2.06425	0.170913
71.498	4.30027	2.0691	0.171202
71.756	4.32045	2.07396	0.171491
72.014	4.34067	2.07881	0.171779
72.2746	4.36113	2.0837	0.172068
72.5353	4.38162	2.0886	0.172357
72.7959	4.40215	2.09348	0.172645
73.0566	4.42271	2.09837	0.172933
73.3199	4.44351	2.1033	0.173222
73.5832	4.46435	2.10823	0.173511
73.8465	4.48522	2.11316	0.173798
74.1099	4.50613	2.11808	0.174085
74.3759	4.52729	2.12305	0.174374
74.642	4.54848	2.12802	0.174662
74.908	4.56971	2.13298	0.174949
75.1741	4.59097	2.13794	0.175235
75.4428	4.61248	2.14295	0.175524
75.7115	4.63403	2.14795	0.175811
75.9803	4.65562	2.15295	0.176098
76.249	4.67724	2.15794	0.176383
76.5204	4.6991	2.16299	0.176671
76.7917	4.721	2.16802	0.176958
77.0631	4.74294	2.17306	0.177244
77.3344	4.76491	2.17809	0.177528
77.6087	4.78716	2.18317	0.177816
77.883	4.80945	2.18825	0.178102
78.1573	4.83177	2.19333	0.178387
78.4316	4.85413	2.1984	0.178672
78.7086	4.87675	2.20352	0.178958
78.9857	4.89942	2.20864	0.179244
79.2628	4.92212	2.21375	0.179529
79.5398	4.94485	2.21886	0.179813
79.8197	4.96786	2.22402	0.180098
80.0996	4.99091	2.22918	0.180383
80.3795	5.01399	2.23433	0.180667
80.6594	5.03711	2.23948	0.180951
80.9421	5.06051	2.24468	0.181236
81.2248	5.08394	2.24987	0.18152
81.5075	5.10742	2.25506	0.181803
81.7902	5.13093	2.26025	0.182086
82.0757	5.15472	2.26549	0.18237
82.3613	5.17855	2.27072	0.182653
82.6468	5.20242	2.27595	0.182936
82.9324	5.22633	2.28118	0.183218
83.2208	5.25052	2.28646	0.183501
83.5092	5.27475	2.29173	0.183784
83.7977	5.29903	2.297	0.184066
84.0861	5.32334	2.30227	0.184347
84.3774	5.34794	2.30759	0.184629
84.6687	5.37258	2.3129	0.184911
84.96	5.39727	2.31821	0.185192
85.2513	5.42199	2.32352	0.185472
85.5453	5.44699	2.32887	0.185754
85.8392	5.47202	2.33422	0.186035
86.1332	5.4971	2.33957	0.186315
86.4272	5.52222	2.34491	0.186594
86.7243	5.54766	2.35031	0.186875
87.0215	5.57314	2.3557	0.187155
87.3186	5.59867	2.36109	0.187434
87.6158	5.62423	2.36648	0.187713
87.9159	5.6501	2.37192	0.187993
88.216	5.67601	2.37736	0.188272
88.516	5.70196	2.38279	0.18855
88.8161	5.72796	2.38822	0.188828
89.1192	5.75426	2.3937	0.189107
89.4222	5.78061	2.39918	0.189385
89.7253	5.807	2.40465	0.189663
90.0284	5.83343	2.41012	0.189939
90.3344	5.86018	2.41565	0.190218
90.6405	5.88697	2.42116	0.190495
90.9465	5.9138	2.42668	0.190772
91.2525	5.94068	2.43219	0.191047
91.5616	5.96788	2.43776	0.191325
91.8707	5.99512	2.44332	0.191601
92.1797	6.02241	2.44888	0.191877
92.4888	6.04974	2.45443	0.192151
92.8009	6.07739	2.46004	0.192428
93.113	6.1051	2.46564	0.192703
93.4251	6.13284	2.47124	0.192978
93.7372	6.16064	2.47684	0.193251
94.0523	6.18876	2.48249	0.193527
94.3675	6.21692	2.48814	0.193801
94.6826	6.24514	2.49378	0.194075
94.9978	6.2734	2.49942	0.194347
95.316	6.30199	2.50512	0.194622
95.6342	6.33063	2.51081	0.194895
95.9524	6.35932	2.51649	0.195168
96.2706	6.38806	2.52218	0.195439
96.592	6.41713	2.52791	0.195712
96.9133	6.44626	2.53365	0.195985
97.2346	6.47543	2.53938	0.196256
97.5559	6.50465	2.54511	0.196527
97.8804	6.53422	2.55089	0.196799
98.2049	6.56383	2.55667	0.19707
98.5293	6.59349	2.56244	0.197341
98.8538	6.62321	2.56821	0.19761
99.1403	6.6495	2.57331	0.197848
99.4269	6.67583	2.5784	0.198084
99.7134	6.7022	2.58349	0.19832
100	6.72861	2.58858	0.198555
