#time Q r MSE
0	1e-09	1e-09	0.516059
0.0292959	0.000154355	0.00199707	0.513486
0.0585918	0.000315011	0.00398831	0.510928
0.0878877	0.000481913	0.00597371	0.508384
0.117184	0.000655006	0.00795331	0.505854
0.168948	0.000975818	0.011437	0.501418
0.220713	0.00131549	0.0149028	0.497026
0.272477	0.00167371	0.0183506	0.492677
0.324242	0.00205019	0.0217806	0.48837
0.376181	0.00244601	0.0252045	0.484091
0.428121	0.00285963	0.0286106	0.479854
0.48006	0.00329077	0.031999	0.475659
0.532	0.00373914	0.0353699	0.471504
0.584367	0.00420836	0.0387509	0.467357
0.636735	0.00469453	0.0421142	0.463251
0.689103	0.00519736	0.04546	0.459186
0.74147	0.00571659	0.0487883	0.455161
0.794274	0.00625645	0.0521267	0.451142
0.847077	0.00681242	0.0554475	0.447164
0.89988	0.00738422	0.0587508	0.443226
0.952683	0.00797159	0.0620367	0.439327
1.00592	0.00857928	0.0653322	0.435435
1.05916	0.00920225	0.0686102	0.431582
1.1124	0.00984023	0.0718708	0.427768
1.16564	0.010493	0.0751141	0.423992
1.21932	0.0111658	0.0783671	0.420224
1.27301	0.0118532	0.0816028	0.416493
1.32669	0.0125547	0.0848211	0.4128
1.38038	0.0132702	0.0880221	0.409145
1.43452	0.0140056	0.091233	0.405497
1.48866	0.0147547	0.0944265	0.401885
1.5428	0.0155172	0.0976028	0.398311
1.59694	0.0162929	0.100762	0.394773
1.65155	0.0170883	0.103931	0.391242
1.70615	0.0178965	0.107082	0.387747
1.76075	0.0187174	0.110217	0.384288
1.81536	0.0195507	0.113334	0.380865
1.87043	0.0204036	0.116461	0.377448
1.92551	0.0212685	0.119571	0.374067
1.98058	0.0221453	0.122664	0.370721
2.03566	0.0230338	0.12574	0.367409
2.09121	0.0239415	0.128826	0.364104
2.14677	0.0248606	0.131894	0.360834
2.20233	0.0257908	0.134946	0.357597
2.25788	0.026732	0.13798	0.354395
2.31392	0.0276922	0.141025	0.351199
2.36997	0.028663	0.144052	0.348036
2.42601	0.0296443	0.147062	0.344907
2.48206	0.0306357	0.150056	0.341811
2.5386	0.031646	0.153059	0.338721
2.59514	0.0326662	0.156045	0.335664
2.65168	0.0336961	0.159014	0.33264
2.70822	0.0347354	0.161967	0.329648
2.76527	0.0357934	0.164929	0.326661
2.82232	0.0368606	0.167874	0.323707
2.87937	0.0379367	0.170803	0.320785
2.93642	0.0390216	0.173715	0.317894
2.99398	0.040125	0.176636	0.315008
3.05154	0.0412369	0.179541	0.312154
3.1091	0.042357	0.182429	0.309331
3.16667	0.0434852	0.1853	0.306539
3.22475	0.0446317	0.188181	0.303752
3.28284	0.0457859	0.191045	0.300996
3.34092	0.0469478	0.193892	0.29827
3.39901	0.048117	0.196723	0.295574
3.45763	0.0493044	0.199564	0.292883
3.51625	0.0504988	0.202387	0.290222
3.57487	0.0517003	0.205195	0.28759
3.63349	0.0529084	0.207986	0.284988
3.69266	0.0541345	0.210786	0.28239
3.75183	0.0553671	0.21357	0.279821
3.811	0.056606	0.216338	0.277281
3.87016	0.057851	0.219089	0.27477
3.9299	0.0591139	0.22185	0.272263
3.98963	0.0603826	0.224595	0.269784
4.04937	0.061657	0.227323	0.267333
4.1091	0.0629368	0.230035	0.26491
4.16942	0.0642347	0.232757	0.262491
4.22974	0.0655377	0.235463	0.260099
4.29006	0.0668458	0.238153	0.257734
4.35038	0.0681588	0.240827	0.255397
4.41132	0.0694899	0.243511	0.253062
4.47225	0.0708256	0.246179	0.250755
4.53319	0.0721658	0.248831	0.248474
4.59412	0.0735102	0.251467	0.246219
4.65569	0.0748729	0.254115	0.243967
4.71726	0.0762397	0.256746	0.24174
4.77884	0.0776103	0.259361	0.23954
4.84041	0.0789847	0.26196	0.237365
4.90265	0.0803776	0.264571	0.235192
4.96489	0.081774	0.267166	0.233045
5.02714	0.0831737	0.269745	0.230922
5.08938	0.0845765	0.272309	0.228825
5.15229	0.0859976	0.274884	0.226729
5.21521	0.0874216	0.277442	0.224658
5.27813	0.0888484	0.279985	0.222612
5.34104	0.0902779	0.282512	0.22059
5.40471	0.0917269	0.285054	0.218567
5.46838	0.0931784	0.287579	0.216569
5.53205	0.0946321	0.290089	0.214595
5.59572	0.0960879	0.292583	0.212643
5.66014	0.0975631	0.295091	0.210693
5.72457	0.0990402	0.297583	0.208765
5.789	0.100519	0.300059	0.206861
5.85342	0.101999	0.302519	0.20498
5.91863	0.103499	0.304994	0.203098
5.98385	0.105001	0.307453	0.201239
6.04906	0.106504	0.309896	0.199403
6.11427	0.108007	0.312324	0.197588
6.18029	0.109531	0.314766	0.195774
6.24632	0.111056	0.317193	0.193981
6.31235	0.112581	0.319604	0.19221
6.37837	0.114107	0.321999	0.190461
6.44524	0.115653	0.32441	0.18871
6.51211	0.1172	0.326805	0.186982
6.57898	0.118747	0.329185	0.185274
6.64584	0.120294	0.331549	0.183587
6.71358	0.121862	0.333929	0.181899
6.78132	0.123429	0.336293	0.180232
6.84906	0.124997	0.338642	0.178585
6.9168	0.126564	0.340976	0.176959
6.98543	0.128152	0.343325	0.175331
7.05407	0.12974	0.345659	0.173724
7.1227	0.131327	0.347977	0.172136
7.19133	0.132914	0.350281	0.170568
7.26091	0.134521	0.352601	0.168998
7.33049	0.136128	0.354906	0.167447
7.40007	0.137734	0.357195	0.165916
7.46965	0.13934	0.35947	0.164404
7.54015	0.140965	0.36176	0.16289
7.61066	0.142589	0.364035	0.161396
7.68116	0.144213	0.366295	0.15992
7.75166	0.145835	0.36854	0.158462
7.82314	0.147477	0.370801	0.157003
7.89462	0.149119	0.373048	0.155562
7.9661	0.150759	0.375279	0.154139
8.03758	0.152397	0.377496	0.152733
8.11006	0.154057	0.379729	0.151326
8.18253	0.155714	0.381947	0.149937
8.25501	0.15737	0.384151	0.148565
8.32749	0.159024	0.38634	0.14721
8.40099	0.160699	0.388546	0.145853
8.47449	0.162372	0.390736	0.144513
8.54799	0.164042	0.392912	0.14319
8.6215	0.165711	0.395074	0.141884
8.69605	0.167401	0.397253	0.140576
8.7706	0.169088	0.399416	0.139284
8.84515	0.170773	0.401566	0.138008
8.9197	0.172456	0.403701	0.136749
8.99526	0.174158	0.405851	0.135488
9.07083	0.175858	0.407987	0.134244
9.1464	0.177555	0.410108	0.133015
9.22196	0.17925	0.412215	0.131801
9.29868	0.180967	0.414341	0.130585
9.3754	0.182681	0.416452	0.129384
9.45213	0.184393	0.41855	0.128198
9.52885	0.186101	0.420633	0.127027
9.60669	0.187831	0.422733	0.125854
9.68453	0.189557	0.424819	0.124696
9.76238	0.19128	0.426891	0.123552
9.84022	0.193	0.428949	0.122423
9.91921	0.194742	0.431023	0.121292
9.9982	0.19648	0.433084	0.120175
10.0772	0.198215	0.435131	0.119072
10.1562	0.199946	0.437165	0.117984
10.2363	0.201699	0.439215	0.116893
10.3165	0.203448	0.441251	0.115816
10.3966	0.205194	0.443273	0.114752
10.4768	0.206935	0.445283	0.113703
10.5581	0.208699	0.447308	0.112651
10.6395	0.210458	0.44932	0.111612
10.7208	0.212214	0.451319	0.110587
10.8022	0.213965	0.453304	0.109574
10.8847	0.215739	0.455306	0.10856
10.9673	0.217508	0.457294	0.107558
11.0498	0.219273	0.45927	0.106569
11.1324	0.221034	0.461232	0.105593
11.2162	0.222817	0.46321	0.104614
11.3	0.224595	0.465175	0.103648
11.3838	0.226369	0.467127	0.102695
11.4676	0.228138	0.469066	0.101753
11.5526	0.22993	0.471021	0.100809
11.6377	0.231717	0.472963	0.0998778
11.7227	0.233499	0.474892	0.098958
11.8078	0.235277	0.476809	0.0980498
11.8941	0.237076	0.478741	0.0971397
11.9804	0.238871	0.480661	0.0962412
12.0668	0.240661	0.482567	0.0953542
12.1531	0.242446	0.484462	0.0944783
12.2407	0.244254	0.486372	0.0936005
12.3283	0.246056	0.488269	0.0927339
12.416	0.247853	0.490154	0.0918783
12.5036	0.249645	0.492026	0.0910335
12.5925	0.25146	0.493914	0.0901869
12.6815	0.253269	0.49579	0.089351
12.7704	0.255073	0.497653	0.0885257
12.8594	0.256872	0.499504	0.0877109
12.9497	0.258692	0.50137	0.0868943
13.0399	0.260508	0.503224	0.0860881
13.1302	0.262318	0.505066	0.0852921
13.2205	0.264123	0.506896	0.0845062
13.3122	0.265949	0.508741	0.0837185
13.4038	0.26777	0.510573	0.0829409
13.4954	0.269586	0.512394	0.0821731
13.5871	0.271396	0.514203	0.081415
13.6801	0.273228	0.516027	0.0806553
13.7731	0.275055	0.517839	0.0799052
13.8662	0.276876	0.519639	0.0791646
13.9592	0.278691	0.521427	0.0784334
14.0536	0.280528	0.52323	0.0777005
14.148	0.282359	0.525022	0.076977
14.2425	0.284185	0.526801	0.0762626
14.3369	0.286005	0.528569	0.0755572
14.4327	0.287846	0.530352	0.0748503
14.5286	0.289681	0.532123	0.0741524
14.6244	0.291511	0.533883	0.0734633
14.7203	0.293335	0.535631	0.0727829
14.8176	0.29518	0.537394	0.072101
14.9149	0.29702	0.539145	0.0714278
15.0121	0.298853	0.540885	0.0707631
15.1094	0.30068	0.542613	0.0701067
15.2082	0.302529	0.544356	0.069449
15.3069	0.304372	0.546087	0.0687995
15.4057	0.306208	0.547807	0.0681583
15.5044	0.308039	0.549516	0.0675252
15.6046	0.309891	0.55124	0.0668907
15.7048	0.311736	0.552952	0.0662642
15.8051	0.313575	0.554652	0.0656457
15.9053	0.315409	0.556342	0.0650349
16.007	0.317263	0.558046	0.0644229
16.1087	0.319111	0.559739	0.0638186
16.2104	0.320953	0.561421	0.0632219
16.3122	0.322788	0.563092	0.0626327
16.4154	0.324644	0.564777	0.0620423
16.5186	0.326494	0.56645	0.0614593
16.6219	0.328338	0.568113	0.0608838
16.7251	0.330175	0.569766	0.0603154
16.8299	0.332033	0.571432	0.0597459
16.9347	0.333884	0.573087	0.0591835
17.0394	0.335729	0.574731	0.0586283
17.1442	0.337568	0.576365	0.05808
17.2505	0.339427	0.578013	0.0575306
17.3569	0.34128	0.579649	0.0569881
17.4632	0.343125	0.581276	0.0564525
17.5695	0.344965	0.582891	0.0559236
17.6774	0.346825	0.58452	0.0553936
17.7853	0.348678	0.586139	0.0548703
17.8932	0.350525	0.587747	0.0543536
18.0011	0.352365	0.589345	0.0538434
18.1106	0.354225	0.590956	0.0533321
18.2201	0.356079	0.592556	0.0528274
18.3296	0.357925	0.594147	0.0523289
18.4391	0.359765	0.595727	0.0518368
18.5502	0.361626	0.59732	0.0513436
18.6613	0.363479	0.598902	0.0508567
18.7724	0.365326	0.600475	0.0503759
18.8835	0.367165	0.602037	0.0499011
18.9963	0.369025	0.603613	0.0494254
19.109	0.370878	0.605178	0.0489557
19.2218	0.372724	0.606733	0.0484919
19.3345	0.374563	0.608278	0.0480339
19.4489	0.376422	0.609836	0.047575
19.5633	0.378274	0.611383	0.047122
19.6777	0.380119	0.612921	0.0466746
19.792	0.381957	0.614449	0.0462328
19.9081	0.383814	0.615989	0.0457903
20.0241	0.385664	0.617519	0.0453534
20.1401	0.387507	0.61904	0.044922
20.2561	0.389343	0.62055	0.0444959
20.3739	0.391199	0.622074	0.0440689
20.4917	0.393049	0.623588	0.0436472
20.6095	0.394891	0.625092	0.0432309
20.7272	0.396726	0.626587	0.0428197
20.8467	0.39858	0.628093	0.0424079
20.9661	0.400427	0.62959	0.0420013
21.0856	0.402266	0.631077	0.0415998
21.205	0.404099	0.632554	0.0412033
21.3262	0.40595	0.634044	0.0408061
21.4474	0.407794	0.635524	0.040414
21.5685	0.409632	0.636995	0.0400267
21.6897	0.411461	0.638456	0.0396443
21.8126	0.41331	0.639929	0.0392612
21.9356	0.415152	0.641392	0.0388829
22.0585	0.416986	0.642847	0.0385093
22.1814	0.418813	0.644292	0.0381405
22.3061	0.420659	0.645748	0.037771
22.4308	0.422497	0.647196	0.0374061
22.5555	0.424328	0.648634	0.0370458
22.6802	0.426152	0.650063	0.03669
22.8066	0.427994	0.651503	0.0363337
22.9331	0.429829	0.652935	0.0359818
23.0596	0.431656	0.654357	0.0356343
23.1861	0.433476	0.65577	0.0352911
23.3144	0.435315	0.657194	0.0349474
23.4426	0.437146	0.658609	0.0346081
23.5709	0.438969	0.660016	0.0342729
23.6992	0.440785	0.661413	0.033942
23.8293	0.442619	0.662821	0.0336106
23.9594	0.444446	0.66422	0.0332833
24.0895	0.446265	0.665611	0.0329601
24.2196	0.448077	0.666993	0.032641
24.3515	0.449907	0.668385	0.0323213
24.4835	0.451729	0.669769	0.0320057
24.6154	0.453544	0.671144	0.031694
24.7474	0.455351	0.67251	0.0313862
24.8812	0.457176	0.673887	0.0310779
25.015	0.458993	0.675255	0.0307736
25.1488	0.460803	0.676615	0.030473
25.2826	0.462605	0.677966	0.0301762
25.4183	0.464425	0.679328	0.029879
25.554	0.466237	0.68068	0.0295854
25.6897	0.468041	0.682025	0.0292956
25.8254	0.469838	0.683361	0.0290094
25.963	0.471653	0.684707	0.0287228
26.1006	0.473459	0.686044	0.0284398
26.2382	0.475258	0.687373	0.0281603
26.3758	0.47705	0.688694	0.0278843
26.5156	0.478862	0.690028	0.0276074
26.6554	0.480666	0.691353	0.027334
26.7952	0.482462	0.692669	0.0270641
26.935	0.484251	0.693978	0.0267975
27.0765	0.486054	0.695294	0.0265311
27.2179	0.487848	0.696601	0.026268
27.3594	0.489635	0.6979	0.0260082
27.5009	0.491414	0.699191	0.0257517
27.6443	0.49321	0.700492	0.0254948
27.7877	0.494998	0.701785	0.0252412
27.9311	0.496778	0.703069	0.0249908
28.0746	0.498551	0.704345	0.0247435
28.2199	0.500339	0.70563	0.024496
28.3652	0.502119	0.706907	0.0242517
28.5105	0.503891	0.708176	0.0240105
28.6558	0.505655	0.709437	0.0237722
28.8032	0.507438	0.710708	0.0235335
28.9507	0.509212	0.711972	0.0232977
29.0981	0.510979	0.713227	0.0230649
29.2456	0.512738	0.714475	0.022835
29.395	0.514513	0.715732	0.0226049
29.5445	0.516281	0.716981	0.0223777
29.694	0.51804	0.718222	0.0221533
29.8434	0.519791	0.719455	0.0219317
29.995	0.521559	0.720698	0.0217099
30.1465	0.523319	0.721932	0.0214909
30.298	0.525071	0.723159	0.0212746
30.4495	0.526814	0.724378	0.021061
30.6031	0.528574	0.725607	0.0208472
30.7567	0.530326	0.726827	0.0206361
30.9103	0.53207	0.72804	0.0204277
31.0639	0.533806	0.729245	0.0202218
31.2196	0.535558	0.730459	0.0200158
31.3753	0.537301	0.731665	0.0198123
31.531	0.539037	0.732864	0.0196114
31.6867	0.540765	0.734055	0.019413
31.8445	0.542508	0.735255	0.0192145
32.0023	0.544244	0.736447	0.0190184
32.1602	0.545971	0.737632	0.0188248
32.318	0.54769	0.738809	0.0186336
32.4779	0.549425	0.739995	0.0184423
32.6379	0.551152	0.741173	0.0182534
32.7979	0.552871	0.742344	0.0180668
32.9578	0.554581	0.743508	0.0178826
33.1199	0.556307	0.74468	0.0176982
33.2821	0.558025	0.745844	0.0175162
33.4442	0.559735	0.747001	0.0173365
33.6063	0.561437	0.748151	0.017159
33.7706	0.563153	0.749309	0.0169813
33.935	0.564862	0.75046	0.0168059
34.0993	0.566563	0.751604	0.0166328
34.2636	0.568255	0.75274	0.0164618
34.4301	0.569963	0.753885	0.0162906
34.5967	0.571662	0.755022	0.0161217
34.7632	0.573354	0.756152	0.0159548
34.9297	0.575037	0.757275	0.0157901
35.0985	0.576735	0.758406	0.0156253
35.2673	0.578424	0.75953	0.0154625
35.436	0.580106	0.760647	0.0153018
35.6048	0.581779	0.761756	0.0151431
35.7758	0.583467	0.762874	0.0149843
35.9469	0.585147	0.763984	0.0148276
36.1179	0.586819	0.765088	0.0146728
36.2889	0.588483	0.766184	0.0145199
36.4622	0.590161	0.767288	0.014367
36.6356	0.59183	0.768385	0.014216
36.8089	0.593492	0.769475	0.014067
36.9822	0.595146	0.770559	0.0139198
37.1578	0.596813	0.771649	0.0137725
37.3334	0.598472	0.772733	0.0136271
37.509	0.600124	0.77381	0.0134836
37.6846	0.601767	0.77488	0.0133419
37.8626	0.603424	0.775958	0.0132001
38.0405	0.605072	0.777028	0.0130601
38.2185	0.606713	0.778092	0.0129219
38.3964	0.608346	0.779149	0.0127854
38.5768	0.609992	0.780214	0.0126489
38.7571	0.61163	0.781271	0.0125141
38.9374	0.61326	0.782322	0.012381
39.1178	0.614882	0.783367	0.0122496
39.3005	0.616518	0.784418	0.0121182
39.4832	0.618145	0.785463	0.0119884
39.666	0.619764	0.786501	0.0118603
39.8487	0.621375	0.787533	0.0117338
40.0338	0.623	0.788571	0.0116073
40.219	0.624616	0.789603	0.0114824
40.4041	0.626224	0.790629	0.0113591
40.5893	0.627824	0.791647	0.0112373
40.7769	0.629437	0.792673	0.0111155
40.9645	0.631042	0.793692	0.0109953
41.1521	0.632639	0.794705	0.0108766
41.3397	0.634227	0.795711	0.0107595
41.5298	0.635829	0.796724	0.0106423
41.7198	0.637422	0.797731	0.0105266
41.9099	0.639007	0.798731	0.0104124
42.1	0.640585	0.799725	0.0102996
42.2926	0.642174	0.800725	0.0101868
42.4851	0.643756	0.801719	0.0100755
42.6777	0.64533	0.802707	0.00996561
42.8703	0.646895	0.803688	0.00985713
43.0654	0.648473	0.804676	0.00974862
43.2605	0.650043	0.805657	0.00964151
43.4557	0.651605	0.806632	0.00953579
43.6508	0.653158	0.807601	0.00943291
43.8235	0.654527	0.808454	0.00934169
43.9962	0.655889	0.809301	0.00925151
44.1689	0.657245	0.810144	0.00916234
44.3416	0.658595	0.810982	0.00907418
44.5418	0.660152	0.811947	0.00897324
44.7419	0.6617	0.812907	0.0088736
44.9421	0.663241	0.81386	0.00877525
45.1423	0.664774	0.814807	0.00867818
45.3449	0.666316	0.815759	0.00858122
45.5474	0.667851	0.816705	0.00848552
45.75	0.669378	0.817644	0.00839107
45.9526	0.670896	0.818578	0.00829783
46.1578	0.672426	0.819518	0.0082046
46.363	0.673948	0.820452	0.00811259
46.5683	0.675462	0.821379	0.00802178
46.7735	0.676968	0.822301	0.00793214
46.9814	0.678486	0.823229	0.00784252
47.1893	0.679995	0.82415	0.00775407
47.3973	0.681497	0.825066	0.00766677
47.6052	0.68299	0.825976	0.00758062
47.8158	0.684495	0.826891	0.0074918
48.0265	0.685991	0.827801	0.00740671
48.2371	0.68748	0.828704	0.00732274
48.4477	0.68896	0.829602	0.00723985
48.6409	0.690311	0.83042	0.00716482
48.834	0.691654	0.831233	0.00709067
49.0271	0.692991	0.832041	0.00701741
49.2202	0.694322	0.832845	0.00694502
49.4366	0.695805	0.833739	0.0068649
49.6531	0.69728	0.834628	0.00678585
49.8695	0.698747	0.835511	0.00670784
50.0859	0.700206	0.836389	0.00663086
50.3046	0.701672	0.837269	0.00655408
50.5234	0.703131	0.838144	0.00647831
50.7421	0.704581	0.839013	0.00640354
50.9609	0.706023	0.839877	0.00632976
51.1825	0.707477	0.840746	0.006256
51.4041	0.708922	0.841609	0.00618322
51.6257	0.710359	0.842467	0.0061114
51.8473	0.711788	0.843318	0.00604054
52.0718	0.713227	0.844176	0.00596969
52.2964	0.714659	0.845027	0.00589978
52.5209	0.716083	0.845873	0.00583081
52.7454	0.717498	0.846714	0.00576275
52.9729	0.718924	0.847559	0.00569472
53.2003	0.720342	0.848399	0.00562761
53.4278	0.721752	0.849234	0.00556139
53.6552	0.723154	0.850063	0.00549605
53.8857	0.724566	0.850897	0.00543074
54.1162	0.725971	0.851725	0.0053663
54.3466	0.727367	0.852548	0.00530273
54.5771	0.728756	0.853366	0.00524
54.8106	0.730154	0.854189	0.0051773
55.0441	0.731545	0.855006	0.00511544
55.2777	0.732928	0.855818	0.00505441
55.5112	0.734303	0.856624	0.0049942
55.7477	0.735687	0.857435	0.00493405
55.9842	0.737064	0.858241	0.00487471
56.2207	0.738432	0.859041	0.00481618
56.4572	0.739792	0.859836	0.00475842
56.6932	0.741142	0.860624	0.00470159
56.9292	0.742484	0.861406	0.00464551
57.1651	0.743818	0.862183	0.00459018
57.4011	0.745144	0.862955	0.00453559
57.6441	0.746502	0.863745	0.00448014
57.887	0.747851	0.864529	0.00442545
58.13	0.749193	0.865307	0.00437151
58.3729	0.750527	0.866081	0.0043183
58.6188	0.751869	0.866858	0.00426518
58.8647	0.753203	0.86763	0.00421279
59.1106	0.754529	0.868397	0.00416112
59.3565	0.755847	0.869159	0.00411016
59.6057	0.757175	0.869925	0.00405923
59.8548	0.758494	0.870686	0.004009
60.104	0.759806	0.871442	0.00395947
60.3531	0.76111	0.872193	0.00391062
60.6055	0.762423	0.872948	0.0038618
60.8579	0.763728	0.873698	0.00381366
61.1104	0.765026	0.874443	0.00376619
61.3628	0.766315	0.875182	0.00371938
61.6186	0.767614	0.875927	0.0036726
61.8744	0.768905	0.876666	0.00362647
62.1301	0.770188	0.8774	0.00358098
62.3859	0.771463	0.878128	0.00353613
62.6451	0.772747	0.878862	0.00349131
62.9042	0.774023	0.87959	0.00344712
63.1634	0.775291	0.880313	0.00340355
63.4225	0.776552	0.881031	0.00336059
63.6852	0.777821	0.881754	0.00331766
63.9478	0.779083	0.882471	0.00327534
64.2104	0.780337	0.883184	0.00323361
64.473	0.781583	0.883891	0.00319247
64.7393	0.782838	0.884603	0.00315135
65.0055	0.784085	0.88531	0.00311082
65.2717	0.785325	0.886012	0.00307085
65.538	0.786557	0.886709	0.00303145
65.5551	0.786636	0.886754	0.00302894
65.5722	0.786715	0.886799	0.00302643
65.5893	0.786793	0.886843	0.00302392
65.6064	0.786872	0.886888	0.00302141
65.6122	0.786899	0.886903	0.00302057
65.618	0.786925	0.886918	0.00301972
65.6238	0.786952	0.886933	0.00301888
65.6295	0.786979	0.886948	0.00301803
65.6353	0.787005	0.886963	0.00301719
65.6411	0.787032	0.886978	0.00301634
65.6469	0.787058	0.886993	0.00312914
65.6526	0.787085	0.887008	0.0031283
65.6575	0.787107	0.887021	0.00312759
65.6623	0.78713	0.887033	0.00312689
65.6672	0.787152	0.887046	0.00312618
65.672	0.787174	0.887059	0.00312547
65.6962	0.787285	0.887122	0.00312194
65.7204	0.787397	0.887184	0.00311842
65.7447	0.787508	0.887247	0.0031149
65.7689	0.787619	0.88731	0.00311138
65.89	0.788174	0.887624	0.00309386
66.0111	0.788727	0.887936	0.00307645
66.1322	0.789279	0.888248	0.00305915
66.2532	0.789829	0.888558	0.00304196
66.53	0.79108	0.889264	0.00300308
66.8067	0.792324	0.889965	0.00296475
67.0835	0.793559	0.89066	0.00292697
67.3602	0.794786	0.891351	0.00288972
67.6364	0.796003	0.892035	0.00285308
67.9126	0.797212	0.892715	0.00281695
68.1887	0.798413	0.893389	0.00278134
68.4649	0.799607	0.894059	0.00274622
68.7441	0.800806	0.894731	0.00271123
69.0234	0.801997	0.895398	0.00267672
69.3026	0.803181	0.89606	0.00264271
69.5818	0.804357	0.896718	0.00260917
69.8656	0.805544	0.897381	0.00257558
70.1493	0.806723	0.89804	0.00254248
70.4331	0.807895	0.898694	0.00250984
70.7168	0.809058	0.899343	0.00247767
71.0043	0.81023	0.899996	0.00244554
71.2918	0.811394	0.900644	0.00241387
71.5794	0.81255	0.901287	0.00238266
71.8669	0.813699	0.901925	0.0023519
72.1582	0.814855	0.902568	0.00232117
72.4496	0.816004	0.903205	0.00229089
72.741	0.817144	0.903838	0.00226105
73.0324	0.818278	0.904467	0.00223164
73.3277	0.819419	0.905099	0.00220226
73.623	0.820552	0.905726	0.00217331
73.9184	0.821678	0.906349	0.00214478
74.2137	0.822796	0.906967	0.00211667
74.5131	0.823921	0.907589	0.00208859
74.8124	0.825039	0.908206	0.00206093
75.1117	0.826149	0.908818	0.00203367
75.4111	0.827252	0.909426	0.00200681
75.7145	0.828362	0.910038	0.00197999
76.0179	0.829465	0.910645	0.00195356
76.3213	0.83056	0.911247	0.00192752
76.6248	0.831647	0.911845	0.00190187
76.9324	0.832742	0.912446	0.00187624
77.24	0.833829	0.913043	0.001851
77.5476	0.834909	0.913636	0.00182614
77.8552	0.835981	0.914224	0.00180164
78.1671	0.837061	0.914815	0.00177718
78.4789	0.838133	0.915402	0.00175308
78.7908	0.839197	0.915984	0.00172934
79.1027	0.840254	0.916562	0.00170596
79.4189	0.841318	0.917144	0.00168261
79.7351	0.842375	0.917721	0.00165961
80.0513	0.843424	0.918294	0.00163696
80.3675	0.844465	0.918862	0.00161465
80.6897	0.845519	0.919436	0.00159225
81.012	0.846566	0.920006	0.0015702
81.3342	0.847605	0.920572	0.00154849
81.6565	0.848636	0.921133	0.00152711
81.6839	0.848724	0.921181	0.0015253
81.7114	0.848811	0.921228	0.0015235
81.7389	0.848898	0.921276	0.00155001
81.7663	0.848986	0.921323	0.00154824
81.7938	0.849073	0.921371	0.00154648
81.8213	0.849161	0.921418	0.00154472
81.8487	0.849248	0.921466	0.00154296
81.8762	0.849335	0.921513	0.0015412
82.0135	0.84977	0.92175	0.00153246
82.1508	0.850204	0.921985	0.00152377
82.2881	0.850636	0.92222	0.00151514
82.4254	0.851068	0.922454	0.00150656
82.7597	0.852111	0.923021	0.00148593
83.0939	0.853148	0.923583	0.00146562
83.4281	0.854176	0.924141	0.00144563
83.7623	0.855197	0.924694	0.00142597
84.095	0.856206	0.92524	0.0014067
84.4277	0.857207	0.925782	0.00138774
84.7604	0.858201	0.92632	0.00136908
85.0931	0.859187	0.926853	0.00135071
85.4307	0.860181	0.92739	0.00133236
85.7683	0.861167	0.927923	0.00131431
86.1059	0.862146	0.928451	0.00129655
86.4435	0.863118	0.928975	0.00127907
86.7859	0.864096	0.929502	0.00126162
87.1284	0.865067	0.930025	0.00124445
87.4708	0.866031	0.930544	0.00122755
87.8133	0.866987	0.931059	0.00121093
88.1607	0.86795	0.931577	0.00119434
88.5081	0.868906	0.93209	0.00117802
88.8555	0.869854	0.932599	0.00116197
89.2029	0.870795	0.933105	0.00114617
89.5553	0.871743	0.933613	0.00113041
89.9078	0.872683	0.934117	0.0011149
90.2603	0.873616	0.934617	0.00109965
90.6127	0.874541	0.935113	0.00108464
90.9703	0.875473	0.935612	0.00106968
91.3278	0.876398	0.936107	0.00105495
91.6854	0.877315	0.936597	0.00104048
92.043	0.878226	0.937084	0.00102624
92.1422	0.878477	0.937218	0.00102233
92.2413	0.878727	0.937352	0.00101844
92.3405	0.878978	0.937486	0.00101457
92.4397	0.879227	0.937619	0.00101071
92.5389	0.879476	0.937752	0.00100688
92.6381	0.879725	0.937885	0.00100306
92.7373	0.879973	0.938017	0.000999256
92.8364	0.88022	0.938149	0.000995472
92.9432	0.880486	0.938291	0.000991417
93.05	0.880751	0.938433	0.000987382
93.1568	0.881016	0.938574	0.000983367
93.2636	0.88128	0.938715	0.000979372
93.2797	0.88132	0.938736	0.000978771
93.2959	0.88136	0.938757	0.00097817
93.312	0.881399	0.938779	0.00097757
93.3281	0.881439	0.9388	0.000976971
93.331	0.881446	0.938804	0.000976862
93.3339	0.881454	0.938807	0.000976754
93.3368	0.881461	0.938811	0.000976646
93.3397	0.881468	0.938815	0.000976537
93.3416	0.881472	0.938817	0.000976469
93.3434	0.881477	0.93882	0.000976402
93.3452	0.881481	0.938822	0.000976334
93.347	0.881486	0.938825	0.000976266
93.3489	0.88149	0.938827	0.000976198
93.3507	0.881495	0.938829	0.000890258
93.3525	0.881499	0.938832	0.000890192
93.3543	0.881504	0.938834	0.000890124
93.3564	0.881509	0.938837	0.00089005
93.3584	0.881514	0.93884	0.000889975
93.3604	0.881519	0.938842	0.0008899
93.3625	0.881524	0.938845	0.000889826
93.3727	0.881549	0.938858	0.000889452
93.3828	0.881574	0.938872	0.000889079
93.393	0.881599	0.938885	0.000888707
93.4032	0.881624	0.938898	0.000888334
93.4541	0.881749	0.938965	0.000886473
93.505	0.881874	0.939032	0.000884617
93.5559	0.881999	0.939099	0.000882766
93.6068	0.882124	0.939165	0.000880919
93.715	0.882389	0.939306	0.00087701
93.8232	0.882653	0.939447	0.000873122
93.9314	0.882917	0.939588	0.000869254
94.0396	0.883179	0.939728	0.000865407
94.0935	0.88331	0.939798	0.000863496
94.1475	0.883441	0.939867	0.000861591
94.2014	0.883572	0.939937	0.00085969
94.2554	0.883702	0.940006	0.000857794
94.2708	0.883739	0.940026	0.000857254
94.2862	0.883776	0.940046	0.000856714
94.3016	0.883814	0.940066	0.000856175
94.317	0.883851	0.940086	0.000855636
94.3226	0.883864	0.940093	0.000855439
94.3282	0.883878	0.9401	0.000855242
94.3339	0.883891	0.940107	0.000855045
94.3395	0.883905	0.940115	0.000854848
94.3451	0.883919	0.940122	0.000854651
94.3508	0.883932	0.940129	0.000854455
94.3564	0.883946	0.940136	0.00093904
94.362	0.883959	0.940143	0.000938841
94.3671	0.883971	0.94015	0.000938663
94.3721	0.883984	0.940156	0.000938485
94.3771	0.883996	0.940163	0.000938307
94.3821	0.884008	0.940169	0.000938129
94.4073	0.884068	0.940202	0.000937241
94.4324	0.884129	0.940234	0.000936353
94.4576	0.88419	0.940266	0.000935466
94.4828	0.88425	0.940298	0.00093458
94.6085	0.884552	0.940459	0.000930167
94.7343	0.884853	0.940619	0.000925779
94.86	0.885154	0.940779	0.000921417
94.9858	0.885453	0.940939	0.000917084
95.269	0.886125	0.941296	0.000907408
95.5522	0.886792	0.941651	0.000897857
95.8354	0.887456	0.942004	0.000888429
96.1186	0.888115	0.942354	0.000878938
96.3571	0.888667	0.942647	0.000871195
96.5957	0.889216	0.942939	0.000863536
96.8342	0.889763	0.943229	0.000855959
97.0727	0.890307	0.943518	0.000848465
97.4595	0.891182	0.943982	0.000836486
97.8462	0.892051	0.944443	0.000824716
98.233	0.892912	0.944899	0.000813152
98.6197	0.893766	0.945351	0.00080179
98.9648	0.894522	0.945752	0.000791819
99.3099	0.895272	0.946149	0.000782004
99.6549	0.896017	0.946543	0.000772341
100	0.896756	0.946934	0.000762827
