#time     MSE
0.000000   0.52160
0.500000   0.46902
1.000000   0.45049
1.500000   0.39057
2.000000   0.36202
2.500000   0.33508
3.000000   0.31030
3.500000   0.29648
4.000000   0.28480
4.500000   0.25275
5.000000   0.22545
5.500000   0.21816
6.000000   0.20172
6.500000   0.19979
7.000000   0.17428
7.500000   0.15723
8.000000   0.15201
8.500000   0.14098
9.000000   0.13308
9.500000   0.13010
10.000000   0.12327
10.500000   0.11214
11.000000   0.11674
11.500000   0.10515
12.000000   0.09347
12.500000   0.09269
13.000000   0.09060
13.500000   0.08317
14.000000   0.08019
14.500000   0.08101
15.000000   0.08232
15.500000   0.07746
16.000000   0.07327
16.500000   0.07029
17.000000   0.07027
17.500000   0.07016
18.000000   0.06352
18.500000   0.06149
19.000000   0.06647
19.500000   0.06412
20.000000   0.06559
20.500000   0.06181
21.000000   0.05931
21.500000   0.05693
22.000000   0.05943
22.500000   0.05880
23.000000   0.05457
23.500000   0.06203
24.000000   0.05527
24.500000   0.05336
25.000000   0.05516
25.500000   0.05543
26.000000   0.05556
26.500000   0.05676
27.000000   0.05654
27.500000   0.05363
28.000000   0.05989
28.500000   0.05416
29.000000   0.05204
29.500000   0.05425
30.000000   0.05538
30.500000   0.05413
31.000000   0.05198
31.500000   0.05773
32.000000   0.05454
32.500000   0.05575
33.000000   0.05245
33.500000   0.05213
34.000000   0.05320
34.500000   0.05083
35.000000   0.05333
35.500000   0.05183
36.000000   0.04924
36.500000   0.05252
37.000000   0.05415
37.500000   0.05200
38.000000   0.05722
38.500000   0.05739
39.000000   0.04674
39.500000   0.05103
40.000000   0.05449
40.500000   0.04874
41.000000   0.05676
41.500000   0.05407
42.000000   0.04713
42.500000   0.05589
43.000000   0.04825
43.500000   0.05710
44.000000   0.05111
44.500000   0.05163
45.000000   0.04729
45.500000   0.04966
46.000000   0.04737
46.500000   0.05035
47.000000   0.05403
47.500000   0.05245
48.000000   0.05477
48.500000   0.04960
49.000000   0.05098
49.500000   0.05069
50.000000   0.05827
50.500000   0.05557
51.000000   0.04934
51.500000   0.04933
52.000000   0.05072
52.500000   0.04805
53.000000   0.05339
53.500000   0.04760
54.000000   0.04975
54.500000   0.05408
55.000000   0.04753
55.500000   0.05415
56.000000   0.04906
56.500000   0.05239
57.000000   0.05323
57.500000   0.05781
58.000000   0.04840
58.500000   0.05042
59.000000   0.05172
59.500000   0.04889
60.000000   0.05237
60.500000   0.04736
61.000000   0.05264
61.500000   0.05904
62.000000   0.05514
62.500000   0.04883
63.000000   0.05148
63.500000   0.05035
64.000000   0.05429
64.500000   0.05353
65.000000   0.05640
65.500000   0.04567
66.000000   0.05320
66.500000   0.05130
67.000000   0.05003
67.500000   0.05519
68.000000   0.04662
68.500000   0.04956
69.000000   0.04738
69.500000   0.05497
70.000000   0.05504
70.500000   0.05057
71.000000   0.05071
71.500000   0.04723
72.000000   0.05375
72.500000   0.04923
73.000000   0.05751
73.500000   0.04824
74.000000   0.04859
74.500000   0.04624
75.000000   0.05336
75.500000   0.04930
76.000000   0.04561
76.500000   0.04830
77.000000   0.04924
77.500000   0.05878
78.000000   0.05941
78.500000   0.05741
79.000000   0.05535
79.500000   0.05117
80.000000   0.05379
80.500000   0.05133
81.000000   0.04683
81.500000   0.04931
82.000000   0.05136
82.500000   0.05214
83.000000   0.04090
83.500000   0.05004
84.000000   0.04693
84.500000   0.05790
85.000000   0.04649
85.500000   0.05660
86.000000   0.05543
86.500000   0.05655
87.000000   0.05621
87.500000   0.05017
88.000000   0.04569
88.500000   0.05050
89.000000   0.05981
89.500000   0.04706
90.000000   0.05110
90.500000   0.05406
91.000000   0.04773
91.500000   0.04728
92.000000   0.05491
92.500000   0.05338
93.000000   0.05003
93.500000   0.05152
94.000000   0.05271
94.500000   0.04794
95.000000   0.04653
95.500000   0.05314
96.000000   0.05203
96.500000   0.04460
97.000000   0.04880
97.500000   0.04992
98.000000   0.04567
98.500000   0.05040
99.000000   0.04619
99.500000   0.04911
100.000000   0.04777
