#time     MSE
0.000000   0.07497
0.500000   0.07097
1.000000   0.06504
1.500000   0.06265
2.000000   0.05844
2.500000   0.05521
3.000000   0.05183
3.500000   0.05008
4.000000   0.04669
4.500000   0.04544
5.000000   0.04158
5.500000   0.03905
6.000000   0.03819
6.500000   0.03629
7.000000   0.03639
7.500000   0.03491
8.000000   0.03300
8.500000   0.03156
9.000000   0.03104
9.500000   0.02885
10.000000   0.02981
10.500000   0.02912
11.000000   0.02709
11.500000   0.02795
12.000000   0.02671
12.500000   0.02620
13.000000   0.02577
13.500000   0.02438
14.000000   0.02464
14.500000   0.02205
15.000000   0.02517
15.500000   0.02401
16.000000   0.02425
16.500000   0.02280
17.000000   0.02358
17.500000   0.02428
18.000000   0.02232
18.500000   0.02219
19.000000   0.02237
19.500000   0.02225
20.000000   0.02259
20.500000   0.02175
21.000000   0.02232
21.500000   0.02069
22.000000   0.02296
22.500000   0.02207
23.000000   0.02186
23.500000   0.02079
24.000000   0.02071
24.500000   0.02257
25.000000   0.02086
25.500000   0.02112
26.000000   0.02167
26.500000   0.02134
27.000000   0.02052
27.500000   0.01987
28.000000   0.02192
28.500000   0.02005
29.000000   0.02122
29.500000   0.02068
30.000000   0.02096
30.500000   0.02097
31.000000   0.02168
31.500000   0.02059
32.000000   0.02181
32.500000   0.02251
33.000000   0.02076
33.500000   0.02239
34.000000   0.02233
34.500000   0.02129
35.000000   0.02162
35.500000   0.02041
36.000000   0.02054
36.500000   0.02131
37.000000   0.02199
37.500000   0.02091
38.000000   0.02178
38.500000   0.02151
39.000000   0.02069
39.500000   0.02089
40.000000   0.02184
40.500000   0.02111
41.000000   0.02179
41.500000   0.02245
42.000000   0.02014
42.500000   0.01926
43.000000   0.02068
43.500000   0.02246
44.000000   0.02140
44.500000   0.02231
45.000000   0.02037
45.500000   0.02145
46.000000   0.02099
46.500000   0.02008
47.000000   0.02141
47.500000   0.02088
48.000000   0.02006
48.500000   0.02025
49.000000   0.02062
49.500000   0.02189
50.000000   0.02104
50.500000   0.02187
51.000000   0.02050
51.500000   0.02182
52.000000   0.02068
52.500000   0.02236
53.000000   0.02201
53.500000   0.02129
54.000000   0.02166
54.500000   0.02257
55.000000   0.02097
55.500000   0.02144
56.000000   0.02263
56.500000   0.02045
57.000000   0.02120
57.500000   0.02057
58.000000   0.02100
58.500000   0.02041
59.000000   0.01987
59.500000   0.02054
60.000000   0.02104
60.500000   0.02078
61.000000   0.02075
61.500000   0.02093
62.000000   0.02053
62.500000   0.02191
63.000000   0.02152
63.500000   0.02174
64.000000   0.02147
64.500000   0.01971
65.000000   0.02077
65.500000   0.02146
66.000000   0.02066
66.500000   0.02181
67.000000   0.02163
67.500000   0.02022
68.000000   0.02083
68.500000   0.02209
69.000000   0.02051
69.500000   0.02085
70.000000   0.02005
70.500000   0.02073
71.000000   0.02223
71.500000   0.02077
72.000000   0.02028
72.500000   0.02121
73.000000   0.02045
73.500000   0.02211
74.000000   0.02097
74.500000   0.02158
75.000000   0.02096
75.500000   0.02191
76.000000   0.02132
76.500000   0.02233
77.000000   0.02214
77.500000   0.02139
78.000000   0.02184
78.500000   0.02246
79.000000   0.02053
79.500000   0.02157
80.000000   0.02108
80.500000   0.02102
81.000000   0.01921
81.500000   0.02105
82.000000   0.02049
82.500000   0.02070
83.000000   0.02080
83.500000   0.02014
84.000000   0.02162
84.500000   0.02078
85.000000   0.02190
85.500000   0.02163
86.000000   0.02270
86.500000   0.02119
87.000000   0.02215
87.500000   0.02051
88.000000   0.02139
88.500000   0.02243
89.000000   0.02004
89.500000   0.02133
90.000000   0.02203
90.500000   0.02033
91.000000   0.02151
91.500000   0.01948
92.000000   0.02058
92.500000   0.02094
93.000000   0.02260
93.500000   0.02283
94.000000   0.02286
94.500000   0.02255
95.000000   0.02318
95.500000   0.01985
96.000000   0.02107
96.500000   0.02121
97.000000   0.02120
97.500000   0.02107
98.000000   0.02134
98.500000   0.02028
99.000000   0.02351
99.500000   0.02292
100.000000   0.02137
