#time     MSE
0.000000   0.53387
0.500000   0.47340
1.000000   0.44665
1.500000   0.39186
2.000000   0.36282
2.500000   0.35080
3.000000   0.31148
3.500000   0.29748
4.000000   0.26311
4.500000   0.25399
5.000000   0.24157
5.500000   0.22235
6.000000   0.20358
6.500000   0.19228
7.000000   0.17793
7.500000   0.16449
8.000000   0.15443
8.500000   0.14471
9.000000   0.13087
9.500000   0.12652
10.000000   0.11769
10.500000   0.11577
11.000000   0.10683
11.500000   0.10251
12.000000   0.09526
12.500000   0.09008
13.000000   0.09054
13.500000   0.08015
14.000000   0.07414
14.500000   0.07373
15.000000   0.07239
15.500000   0.06886
16.000000   0.06498
16.500000   0.06223
17.000000   0.05414
17.500000   0.05991
18.000000   0.04981
18.500000   0.05056
19.000000   0.05338
19.500000   0.04771
20.000000   0.04782
20.500000   0.04310
21.000000   0.04435
21.500000   0.03996
22.000000   0.03846
22.500000   0.03692
23.000000   0.03654
23.500000   0.03350
24.000000   0.03330
24.500000   0.03111
25.000000   0.03208
25.500000   0.03017
26.000000   0.02977
26.500000   0.02716
27.000000   0.02560
27.500000   0.02551
28.000000   0.02610
28.500000   0.02410
29.000000   0.02399
29.500000   0.02239
30.000000   0.02250
30.500000   0.02158
31.000000   0.02016
31.500000   0.02050
32.000000   0.01967
32.500000   0.01823
33.000000   0.01817
33.500000   0.01831
34.000000   0.01709
34.500000   0.01627
35.000000   0.01465
35.500000   0.01669
36.000000   0.01494
36.500000   0.01369
37.000000   0.01449
37.500000   0.01403
38.000000   0.01282
38.500000   0.01244
39.000000   0.01228
39.500000   0.01146
40.000000   0.01173
40.500000   0.01137
41.000000   0.01185
41.500000   0.01088
42.000000   0.01110
42.500000   0.01007
43.000000   0.01014
43.500000   0.01003
44.000000   0.00938
44.500000   0.00915
45.000000   0.00876
45.500000   0.00898
46.000000   0.00869
46.500000   0.00758
47.000000   0.00819
47.500000   0.00808
48.000000   0.00727
48.500000   0.00683
49.000000   0.00668
49.500000   0.00683
50.000000   0.00659
50.500000   0.00720
51.000000   0.00617
51.500000   0.00601
52.000000   0.00596
52.500000   0.00593
53.000000   0.00627
53.500000   0.00556
54.000000   0.00555
54.500000   0.00516
55.000000   0.00501
55.500000   0.00485
56.000000   0.00500
56.500000   0.00451
57.000000   0.00513
57.500000   0.00466
58.000000   0.00446
58.500000   0.00425
59.000000   0.00419
59.500000   0.00435
60.000000   0.00399
60.500000   0.00423
61.000000   0.00379
61.500000   0.00371
62.000000   0.00351
62.500000   0.00395
63.000000   0.00357
63.500000   0.00334
64.000000   0.00326
64.500000   0.00345
65.000000   0.00345
65.500000   0.00311
66.000000   0.00289
66.500000   0.00313
67.000000   0.00289
67.500000   0.00288
68.000000   0.00281
68.500000   0.00267
69.000000   0.00254
69.500000   0.00260
70.000000   0.00269
70.500000   0.00238
71.000000   0.00245
71.500000   0.00244
72.000000   0.00206
72.500000   0.00220
73.000000   0.00218
73.500000   0.00214
74.000000   0.00206
74.500000   0.00208
75.000000   0.00212
75.500000   0.00200
76.000000   0.00201
76.500000   0.00190
77.000000   0.00192
77.500000   0.00179
78.000000   0.00182
78.500000   0.00172
79.000000   0.00171
79.500000   0.00162
80.000000   0.00161
80.500000   0.00158
81.000000   0.00145
81.500000   0.00158
82.000000   0.00150
82.500000   0.00144
83.000000   0.00138
83.500000   0.00142
84.000000   0.00151
84.500000   0.00130
85.000000   0.00138
85.500000   0.00121
86.000000   0.00129
86.500000   0.00120
87.000000   0.00119
87.500000   0.00121
88.000000   0.00120
88.500000   0.00113
89.000000   0.00122
89.500000   0.00107
90.000000   0.00112
90.500000   0.00103
91.000000   0.00098
91.500000   0.00097
92.000000   0.00096
92.500000   0.00090
93.000000   0.00094
93.500000   0.00090
94.000000   0.00090
94.500000   0.00079
95.000000   0.00084
95.500000   0.00076
96.000000   0.00082
96.500000   0.00079
97.000000   0.00082
97.500000   0.00075
98.000000   0.00074
98.500000   0.00073
99.000000   0.00068
99.500000   0.00075
100.000000   0.00063
