#time     MSE
0.000000   0.96837
0.500000   0.83142
1.000000   0.79008
1.500000   0.68218
2.000000   0.62270
2.500000   0.61074
3.000000   0.51467
3.500000   0.46947
4.000000   0.41666
4.500000   0.41093
5.000000   0.39375
5.500000   0.33599
6.000000   0.29610
6.500000   0.28267
7.000000   0.25884
7.500000   0.24232
8.000000   0.24885
8.500000   0.19819
9.000000   0.19313
9.500000   0.16776
10.000000   0.18881
10.500000   0.17149
11.000000   0.16846
11.500000   0.14636
12.000000   0.16415
12.500000   0.15350
13.000000   0.15889
13.500000   0.13851
14.000000   0.13341
14.500000   0.12750
15.000000   0.11211
15.500000   0.11180
16.000000   0.11925
16.500000   0.11568
17.000000   0.12603
17.500000   0.12476
18.000000   0.11607
18.500000   0.11620
19.000000   0.10563
19.500000   0.11693
20.000000   0.09888
20.500000   0.11241
21.000000   0.11349
21.500000   0.10968
22.000000   0.11868
22.500000   0.12790
23.000000   0.12039
23.500000   0.10700
24.000000   0.11114
24.500000   0.10795
25.000000   0.11716
25.500000   0.10830
26.000000   0.11441
26.500000   0.11597
27.000000   0.11923
27.500000   0.11018
28.000000   0.10813
28.500000   0.11781
29.000000   0.11330
29.500000   0.11651
30.000000   0.11187
30.500000   0.10718
31.000000   0.11557
31.500000   0.11554
32.000000   0.10711
32.500000   0.12888
33.000000   0.12416
33.500000   0.10795
34.000000   0.11344
34.500000   0.13052
35.000000   0.12072
35.500000   0.12274
36.000000   0.13046
36.500000   0.14148
37.000000   0.12741
37.500000   0.14053
38.000000   0.13298
38.500000   0.12623
39.000000   0.12929
39.500000   0.12435
40.000000   0.13003
40.500000   0.12841
41.000000   0.13752
41.500000   0.12599
42.000000   0.12566
42.500000   0.12361
43.000000   0.13558
43.500000   0.12213
44.000000   0.13528
44.500000   0.13884
45.000000   0.13944
45.500000   0.12969
46.000000   0.13692
46.500000   0.15695
47.000000   0.13277
47.500000   0.15900
48.000000   0.13738
48.500000   0.14561
49.000000   0.14279
49.500000   0.15565
50.000000   0.13453
50.500000   0.14460
51.000000   0.13521
51.500000   0.14713
52.000000   0.14876
52.500000   0.14808
53.000000   0.13539
53.500000   0.16234
54.000000   0.14318
54.500000   0.15934
55.000000   0.14798
55.500000   0.15065
56.000000   0.15391
56.500000   0.16221
57.000000   0.14106
57.500000   0.15896
58.000000   0.16398
58.500000   0.15258
59.000000   0.15281
59.500000   0.15616
60.000000   0.17068
60.500000   0.15038
61.000000   0.16547
61.500000   0.14639
62.000000   0.16981
62.500000   0.15578
63.000000   0.15729
63.500000   0.15977
64.000000   0.16495
64.500000   0.16565
65.000000   0.13993
65.500000   0.15413
66.000000   0.15818
66.500000   0.18121
67.000000   0.17919
67.500000   0.15660
68.000000   0.16267
68.500000   0.16479
69.000000   0.17603
69.500000   0.17734
70.000000   0.15846
70.500000   0.16248
71.000000   0.17978
71.500000   0.17116
72.000000   0.17101
72.500000   0.17277
73.000000   0.16917
73.500000   0.16508
74.000000   0.17935
74.500000   0.16751
75.000000   0.16648
75.500000   0.18250
76.000000   0.16344
76.500000   0.18113
77.000000   0.17477
77.500000   0.16941
78.000000   0.18578
78.500000   0.18499
79.000000   0.18671
79.500000   0.19421
80.000000   0.18713
80.500000   0.18082
81.000000   0.18203
81.500000   0.16752
82.000000   0.17996
82.500000   0.17873
83.000000   0.18365
83.500000   0.18504
84.000000   0.18315
84.500000   0.19178
85.000000   0.19619
85.500000   0.19324
86.000000   0.18571
86.500000   0.18090
87.000000   0.18774
87.500000   0.18374
88.000000   0.19027
88.500000   0.17703
89.000000   0.18548
89.500000   0.19474
90.000000   0.17479
90.500000   0.19386
91.000000   0.18880
91.500000   0.19844
92.000000   0.19557
92.500000   0.20036
93.000000   0.19315
93.500000   0.18505
94.000000   0.19679
94.500000   0.21213
95.000000   0.20896
95.500000   0.20513
96.000000   0.18503
96.500000   0.18682
97.000000   0.19094
97.500000   0.18692
98.000000   0.20281
98.500000   0.19599
99.000000   0.18966
99.500000   0.18677
100.000000   0.20599
