#time     MSE
0.000000   0.52160
0.500000   0.41645
1.000000   0.35528
1.500000   0.26331
2.000000   0.21556
2.500000   0.17784
3.000000   0.15639
3.500000   0.13207
4.000000   0.11719
4.500000   0.09605
5.000000   0.07990
5.500000   0.07253
6.000000   0.06376
6.500000   0.06166
7.000000   0.04830
7.500000   0.04111
8.000000   0.03717
8.500000   0.03212
9.000000   0.03016
9.500000   0.02717
10.000000   0.02550
10.500000   0.02180
11.000000   0.02283
11.500000   0.01914
12.000000   0.01531
12.500000   0.01495
13.000000   0.01389
13.500000   0.01193
14.000000   0.01063
14.500000   0.01048
15.000000   0.01025
15.500000   0.00952
16.000000   0.00826
16.500000   0.00718
17.000000   0.00698
17.500000   0.00663
18.000000   0.00605
18.500000   0.00546
19.000000   0.00523
19.500000   0.00443
20.000000   0.00487
20.500000   0.00404
21.000000   0.00404
21.500000   0.00353
22.000000   0.00329
22.500000   0.00335
23.000000   0.00295
23.500000   0.00278
24.000000   0.00261
24.500000   0.00224
25.000000   0.00222
25.500000   0.00226
26.000000   0.00188
26.500000   0.00180
27.000000   0.00165
27.500000   0.00148
28.000000   0.00144
28.500000   0.00128
29.000000   0.00133
29.500000   0.00113
30.000000   0.00111
30.500000   0.00106
31.000000   0.00105
31.500000   0.00090
32.000000   0.00086
32.500000   0.00084
33.000000   0.00076
33.500000   0.00075
34.000000   0.00074
34.500000   0.00059
35.000000   0.00058
35.500000   0.00057
36.000000   0.00052
36.500000   0.00050
37.000000   0.00047
37.500000   0.00046
38.000000   0.00041
38.500000   0.00037
39.000000   0.00035
39.500000   0.00035
40.000000   0.00031
40.500000   0.00031
41.000000   0.00028
41.500000   0.00026
42.000000   0.00023
42.500000   0.00024
43.000000   0.00020
43.500000   0.00021
44.000000   0.00021
44.500000   0.00019
45.000000   0.00017
45.500000   0.00018
46.000000   0.00017
46.500000   0.00013
47.000000   0.00013
47.500000   0.00013
48.000000   0.00011
48.500000   0.00012
49.000000   0.00011
49.500000   0.00010
50.000000   0.00010
50.500000   0.00009
51.000000   0.00008
51.500000   0.00009
52.000000   0.00007
52.500000   0.00007
53.000000   0.00006
53.500000   0.00006
54.000000   0.00006
54.500000   0.00006
55.000000   0.00006
55.500000   0.00005
56.000000   0.00005
56.500000   0.00004
57.000000   0.00004
57.500000   0.00004
58.000000   0.00004
58.500000   0.00003
59.000000   0.00004
59.500000   0.00003
60.000000   0.00003
60.500000   0.00003
61.000000   0.00002
61.500000   0.00002
62.000000   0.00002
62.500000   0.00002
63.000000   0.00002
63.500000   0.00002
64.000000   0.00002
64.500000   0.00002
65.000000   0.00002
65.500000   0.00002
66.000000   0.00002
66.500000   0.00002
67.000000   0.00001
67.500000   0.00001
68.000000   0.00001
68.500000   0.00001
69.000000   0.00001
69.500000   0.00001
70.000000   0.00001
70.500000   0.00001
71.000000   0.00001
71.500000   0.00001
72.000000   0.00001
72.500000   0.00001
73.000000   0.00001
73.500000   0.00001
74.000000   0.00001
74.500000   0.00001
75.000000   0.00001
75.500000   0.00000
76.000000   0.00001
76.500000   0.00001
77.000000   0.00000
77.500000   0.00000
78.000000   0.00000
78.500000   0.00000
79.000000   0.00000
79.500000   0.00000
80.000000   0.00000
80.500000   0.00000
81.000000   0.00000
81.500000   0.00000
82.000000   0.00000
82.500000   0.00000
83.000000   0.00000
83.500000   0.00000
84.000000   0.00000
84.500000   0.00000
85.000000   0.00000
85.500000   0.00000
86.000000   0.00000
86.500000   0.00000
87.000000   0.00000
87.500000   0.00000
88.000000   0.00000
88.500000   0.00000
89.000000   0.00000
89.500000   0.00000
90.000000   0.00000
90.500000   0.00000
91.000000   0.00000
91.500000   0.00000
92.000000   0.00000
92.500000   0.00000
93.000000   0.00000
93.500000   0.00000
94.000000   0.00000
94.500000   0.00000
95.000000   0.00000
95.500000   0.00000
96.000000   0.00000
96.500000   0.00000
97.000000   0.00000
97.500000   0.00000
98.000000   0.00000
98.500000   0.00000
99.000000   0.00000
99.500000   0.00000
100.000000   0.00000
