#time     MSE
0.000000   0.51520
0.500000   0.47832
1.000000   0.44432
1.500000   0.39920
2.000000   0.39055
2.500000   0.32954
3.000000   0.30749
3.500000   0.31041
4.000000   0.30013
4.500000   0.28434
5.000000   0.27818
5.500000   0.26731
6.000000   0.26761
6.500000   0.25343
7.000000   0.25021
7.500000   0.24427
8.000000   0.25126
8.500000   0.25532
9.000000   0.23426
9.500000   0.24477
10.000000   0.22731
10.500000   0.23452
11.000000   0.23062
11.500000   0.22855
12.000000   0.22525
12.500000   0.23258
13.000000   0.24014
13.500000   0.23654
14.000000   0.23447
14.500000   0.23435
15.000000   0.23277
15.500000   0.22845
16.000000   0.21768
16.500000   0.23108
17.000000   0.21803
17.500000   0.22391
18.000000   0.22980
18.500000   0.23114
19.000000   0.22781
19.500000   0.22609
20.000000   0.23858
20.500000   0.21736
21.000000   0.22665
21.500000   0.23175
22.000000   0.22263
22.500000   0.21959
23.000000   0.22543
23.500000   0.22217
24.000000   0.23538
24.500000   0.22921
25.000000   0.22410
25.500000   0.21734
26.000000   0.21449
26.500000   0.22253
27.000000   0.22002
27.500000   0.22345
28.000000   0.23147
28.500000   0.21919
29.000000   0.20629
29.500000   0.21792
30.000000   0.23961
30.500000   0.23712
31.000000   0.22081
31.500000   0.22101
32.000000   0.22994
32.500000   0.23032
33.000000   0.21286
33.500000   0.21864
34.000000   0.22340
34.500000   0.22545
35.000000   0.22940
35.500000   0.22195
36.000000   0.22120
36.500000   0.22019
37.000000   0.20653
37.500000   0.22543
38.000000   0.23291
38.500000   0.23907
39.000000   0.21658
39.500000   0.21621
40.000000   0.22934
40.500000   0.22268
41.000000   0.22125
41.500000   0.22714
42.000000   0.22683
42.500000   0.22780
43.000000   0.22056
43.500000   0.23028
44.000000   0.22325
44.500000   0.23330
45.000000   0.22915
45.500000   0.22588
46.000000   0.22247
46.500000   0.22550
47.000000   0.23543
47.500000   0.21973
48.000000   0.23015
48.500000   0.22680
49.000000   0.23079
49.500000   0.21468
50.000000   0.21851
50.500000   0.22490
51.000000   0.22930
51.500000   0.23425
52.000000   0.23221
52.500000   0.23119
53.000000   0.21525
53.500000   0.22000
54.000000   0.22468
54.500000   0.23366
55.000000   0.22553
55.500000   0.22133
56.000000   0.22595
56.500000   0.22899
57.000000   0.23020
57.500000   0.22086
58.000000   0.21143
58.500000   0.22830
59.000000   0.21919
59.500000   0.22782
60.000000   0.22411
60.500000   0.21936
61.000000   0.22765
61.500000   0.20417
62.000000   0.23530
62.500000   0.21817
63.000000   0.22041
63.500000   0.22442
64.000000   0.23083
64.500000   0.21753
65.000000   0.22273
65.500000   0.21298
66.000000   0.22078
66.500000   0.21533
67.000000   0.22131
67.500000   0.22600
68.000000   0.23081
68.500000   0.21004
69.000000   0.22494
69.500000   0.22179
70.000000   0.22752
70.500000   0.22316
71.000000   0.22985
71.500000   0.22700
72.000000   0.22195
72.500000   0.22328
73.000000   0.21994
73.500000   0.22769
74.000000   0.22776
74.500000   0.23020
75.000000   0.22603
75.500000   0.22758
76.000000   0.20665
76.500000   0.22539
77.000000   0.23737
77.500000   0.22101
78.000000   0.22764
78.500000   0.23458
79.000000   0.22460
79.500000   0.22080
80.000000   0.22679
80.500000   0.22119
81.000000   0.21920
81.500000   0.21505
82.000000   0.22620
82.500000   0.22104
83.000000   0.22615
83.500000   0.23385
84.000000   0.21992
84.500000   0.22337
85.000000   0.22661
85.500000   0.22390
86.000000   0.23748
86.500000   0.22898
87.000000   0.21491
87.500000   0.23044
88.000000   0.22587
88.500000   0.21719
89.000000   0.22694
89.500000   0.23005
90.000000   0.22908
90.500000   0.21852
91.000000   0.22559
91.500000   0.22886
92.000000   0.21919
92.500000   0.22470
93.000000   0.22424
93.500000   0.21749
94.000000   0.22346
94.500000   0.23427
95.000000   0.23028
95.500000   0.22624
96.000000   0.23968
96.500000   0.23467
97.000000   0.23970
97.500000   0.22820
98.000000   0.22599
98.500000   0.22780
99.000000   0.23003
99.500000   0.21944
100.000000   0.22586
