#S2/S1 S2 MSE(t=300) Q(t=300) r(t=300)
0.000000	0.000000	5.1605855096e-01	4.2100662406e+04	2.0480684764e+02
0.010000	0.010000	5.0356214570e-01	4.1129290509e+04	2.0243921730e+02
0.020000	0.020000	4.9126436260e-01	4.0169079066e+04	2.0007072373e+02
0.030000	0.030000	4.7916523527e-01	3.9220040563e+04	1.9770139444e+02
0.040000	0.040000	4.6726479516e-01	3.8282187197e+04	1.9533125660e+02
0.050000	0.050000	4.5556307156e-01	3.7355530887e+04	1.9296033714e+02
0.060000	0.060000	4.4406009161e-01	3.6440083276e+04	1.9058866271e+02
0.070000	0.070000	4.3275588028e-01	3.5535855737e+04	1.8821625973e+02
0.080000	0.080000	4.2165046040e-01	3.4642859357e+04	1.8584315435e+02
0.090000	0.090000	4.1074385259e-01	3.3761104990e+04	1.8346937261e+02
0.100000	0.100000	4.0003607531e-01	3.2890603210e+04	1.8109494035e+02
0.110000	0.110000	3.8952714478e-01	3.2031364333e+04	1.7871988322e+02
0.120000	0.120000	3.7921707500e-01	3.1183398420e+04	1.7634422678e+02
0.130000	0.130000	3.6910587770e-01	3.0346715278e+04	1.7396799646e+02
0.140000	0.140000	3.5919356228e-01	2.9521324468e+04	1.7159121763e+02
0.150000	0.150000	3.4948013583e-01	2.8707235301e+04	1.6921391562e+02
0.160000	0.160000	3.3996560301e-01	2.7904456854e+04	1.6683611576e+02
0.170000	0.170000	3.3064996603e-01	2.7112997882e+04	1.6445784316e+02
0.180000	0.180000	3.2153322457e-01	2.6332867019e+04	1.6207912332e+02
0.190000	0.190000	3.1261537572e-01	2.5564072591e+04	1.5969998162e+02
0.200000	0.200000	3.0389641384e-01	2.4806622693e+04	1.5732044356e+02
0.210000	0.210000	2.9537633053e-01	2.4060525183e+04	1.5494053478e+02
0.220000	0.220000	2.8705511447e-01	2.3325787682e+04	1.5256028112e+02
0.230000	0.230000	2.7893275130e-01	2.2602417580e+04	1.5017970863e+02
0.240000	0.240000	2.7100922348e-01	2.1890422032e+04	1.4779884363e+02
0.250000	0.250000	2.6328451014e-01	2.1189807960e+04	1.4541771278e+02
0.260000	0.260000	2.5575858686e-01	2.0500582056e+04	1.4303634307e+02
0.270000	0.270000	2.4843142551e-01	1.9822750778e+04	1.4065476194e+02
0.280000	0.280000	2.4130299400e-01	1.9156320353e+04	1.3827299730e+02
0.290000	0.290000	2.3437325601e-01	1.8501296777e+04	1.3589107762e+02
0.300000	0.300000	2.2764217073e-01	1.7857685813e+04	1.3350903198e+02
0.310000	0.310000	2.2110969251e-01	1.7225492987e+04	1.3112689010e+02
0.320000	0.320000	2.1477577052e-01	1.6604723575e+04	1.2874468246e+02
0.330000	0.330000	2.0864034833e-01	1.5995382767e+04	1.2636244093e+02
0.340000	0.340000	2.0270336345e-01	1.5397475368e+04	1.2398019781e+02
0.350000	0.350000	1.9696474684e-01	1.4811005742e+04	1.2159798559e+02
0.360000	0.360000	1.9142442228e-01	1.4235978475e+04	1.1921583983e+02
0.370000	0.370000	1.8608230580e-01	1.3672397620e+04	1.1683379622e+02
0.380000	0.380000	1.8093830486e-01	1.3120267041e+04	1.1445189213e+02
0.390000	0.390000	1.7599231758e-01	1.2579590358e+04	1.1207016654e+02
0.400000	0.400000	1.7124423177e-01	1.2050370933e+04	1.0968866021e+02
0.410000	0.410000	1.6669392386e-01	1.1532611877e+04	1.0730741588e+02
0.420000	0.420000	1.6234125771e-01	1.1026316031e+04	1.0492647848e+02
0.430000	0.430000	1.5818608322e-01	1.0531485969e+04	1.0254589534e+02
0.440000	0.440000	1.5422823474e-01	1.0048123984e+04	1.0016571647e+02
0.450000	0.450000	1.5046752925e-01	9.5762320845e+03	9.7785994870e+01
0.460000	0.460000	1.4690376433e-01	9.1158119796e+03	9.5406786850e+01
0.470000	0.470000	1.4353671573e-01	8.6668650724e+03	9.3028152405e+01
0.480000	0.480000	1.4036613462e-01	8.2293924441e+03	9.0650155643e+01
0.490000	0.490000	1.3739174439e-01	7.8033948409e+03	8.8272865266e+01
0.500000	0.500000	1.3461323695e-01	7.3888726569e+03	8.5896355120e+01
0.510000	0.510000	1.3203026835e-01	6.9858259159e+03	8.3520704825e+01
0.520000	0.520000	1.2964245372e-01	6.5942542505e+03	8.1146000495e+01
0.530000	0.530000	1.2744936130e-01	6.2141568733e+03	7.8772335540e+01
0.540000	0.540000	1.2545050532e-01	5.8455325553e+03	7.6399811659e+01
0.550000	0.550000	1.2364533770e-01	5.4883795909e+03	7.4028539932e+01
0.560000	0.560000	1.2203323794e-01	5.1426957616e+03	7.1658642111e+01
0.570000	0.570000	1.2061350125e-01	4.8084782934e+03	6.9290252129e+01
0.580000	0.580000	1.1938532404e-01	4.4857238082e+03	6.6923517874e+01
0.590000	0.590000	1.1834778643e-01	4.1744282671e+03	6.4558603289e+01
0.600000	0.600000	1.1749983097e-01	3.8745869045e+03	6.2195690857e+01
0.610000	0.610000	1.1684023642e-01	3.5861941512e+03	5.9834984576e+01
0.620000	0.620000	1.1636758546e-01	3.3092435434e+03	5.7476713521e+01
0.630000	0.630000	1.1608022441e-01	3.0437276162e+03	5.5121136163e+01
0.640000	0.640000	1.1597621284e-01	2.7896377771e+03	5.2768545612e+01
0.650000	0.650000	1.1605325967e-01	2.5469641541e+03	5.0419276048e+01
0.660000	0.660000	1.1630864173e-01	2.3156954141e+03	4.8073710656e+01
0.670000	0.670000	1.1673909879e-01	2.0958185422e+03	4.5732291509e+01
0.680000	0.680000	1.1734069679e-01	1.8873185734e+03	4.3395531973e+01
0.690000	0.690000	1.1810864779e-01	1.6901782659e+03	4.1064032492e+01
0.700000	0.700000	1.1903706981e-01	1.5043776885e+03	3.8738500726e+01
0.710000	0.710000	1.2011866239e-01	1.3298936898e+03	3.6419777446e+01
0.720000	0.720000	1.2134426182e-01	1.1666992728e+03	3.4108871092e+01
0.730000	0.730000	1.2270222171e-01	1.0147627451e+03	3.1807003103e+01
0.740000	0.740000	1.2417753537e-01	8.7404663205e+02	2.9515669222e+01
0.750000	0.750000	1.2575056862e-01	7.4450624294e+02	2.7236723439e+01
0.760000	0.760000	1.2739519230e-01	6.2608775002e+02	2.4972494921e+01
0.770000	0.770000	1.2907596715e-01	5.1872556850e+02	2.2725953993e+01
0.780000	0.780000	1.3074379607e-01	4.2233871461e+02	2.0500952621e+01
0.790000	0.790000	1.3232903148e-01	3.3682563328e+02	1.8302580629e+01
0.800000	0.800000	1.3373024749e-01	2.6205667875e+02	1.6137705803e+01
0.810000	0.810000	1.3479545740e-01	1.9786290308e+02	1.4015812379e+01
0.820000	0.820000	1.3528999266e-01	1.4401889156e+02	1.1950330997e+01
0.830000	0.830000	1.3484114985e-01	1.0021580030e+02	9.9607765609e+00
0.840000	0.840000	1.3284595234e-01	6.6018153299e+01	8.0761507592e+00
0.850000	0.850000	1.2834121166e-01	4.0794535527e+01	6.3399490917e+00
0.860000	0.860000	1.1994242316e-01	2.3612159818e+01	4.8153889109e+00
0.870000	0.870000	1.0635782141e-01	1.3109109948e+01	3.5818825782e+00
0.880000	0.880000	8.8260700337e-02	7.4606390737e+00	2.6992860266e+00
0.890000	0.890000	6.9409009338e-02	4.6980419300e+00	2.1422288421e+00
0.900000	0.900000	5.3108400438e-02	3.3280613331e+00	1.8049530087e+00
0.910000	0.910000	3.9942308085e-02	2.5732984999e+00	1.5895902643e+00
0.920000	0.920000	2.9443747197e-02	2.1091223813e+00	1.4415395479e+00
0.930000	0.930000	2.1124404408e-02	1.7993249461e+00	1.3336757615e+00
0.940000	0.940000	1.4600315397e-02	1.5800034017e+00	1.2516466167e+00
0.950000	0.950000	9.5715756643e-03	1.4177464895e+00	1.1871916619e+00
0.960000	0.960000	5.8010013886e-03	1.2935587969e+00	1.1352249279e+00
0.970000	0.970000	3.0987505464e-03	1.1959169092e+00	1.0924456899e+00
0.980000	0.980000	1.3112053861e-03	1.1174595932e+00	1.0566195610e+00
0.990000	0.990000	3.1281097618e-04	1.0532821095e+00	1.0261807879e+00
1.000000	1.000000	8.5817473527e-07	1.0000057920e+00	1.0000022673e+00
1.010000	1.010000	2.6876595617e-04	9.5516631265e-01	9.7722768675e-01
1.020000	1.020000	9.7396845030e-04	9.1687877929e-01	9.5718127401e-01
1.030000	1.030000	1.9991639747e-03	8.8375547886e-01	9.3935089171e-01
1.040000	1.040000	3.2613917747e-03	8.5479174824e-01	9.2335593793e-01
1.050000	1.050000	4.7000331606e-03	8.2923656473e-01	9.0890475253e-01
1.060000	1.060000	6.2698710704e-03	8.0651535134e-01	8.9576891394e-01
1.070000	1.070000	7.9365966575e-03	7.8617982267e-01	8.8376621180e-01
1.080000	1.080000	9.6738050531e-03	7.6787429811e-01	8.7274899643e-01
1.090000	1.090000	1.1460931196e-02	7.5131242659e-01	8.6259598527e-01
1.100000	1.100000	1.3281797918e-02	7.3626070786e-01	8.5320636239e-01
1.110000	1.110000	1.5123573662e-02	7.2252657483e-01	8.4449544104e-01
1.120000	1.120000	1.6976010792e-02	7.0994961199e-01	8.3639141673e-01
1.130000	1.130000	1.8830880103e-02	6.9839497619e-01	8.2883289750e-01
1.140000	1.140000	2.0681545064e-02	6.8774839386e-01	8.2176699806e-01
1.150000	1.150000	2.2522637221e-02	6.7791230595e-01	8.1514785024e-01
1.160000	1.160000	2.4349805902e-02	6.6880286118e-01	8.0893542500e-01
1.170000	1.170000	2.6159523257e-02	6.6034754518e-01	8.0309459108e-01
1.180000	1.180000	2.7948930962e-02	6.5248329211e-01	7.9759435541e-01
1.190000	1.190000	2.9715718682e-02	6.4515496691e-01	7.9240724486e-01
1.200000	1.200000	3.1458026954e-02	6.3831413498e-01	7.8750879874e-01
1.210000	1.210000	3.3174369043e-02	6.3191805703e-01	7.8287714931e-01
1.220000	1.220000	3.4863567647e-02	6.2592886207e-01	7.7849267254e-01
1.230000	1.230000	3.6524703321e-02	6.2031286226e-01	7.7433769534e-01
1.240000	1.240000	3.8157072229e-02	6.1503998185e-01	7.7039624897e-01
1.250000	1.250000	3.9760151341e-02	6.1008327831e-01	7.6665385988e-01
1.260000	1.260000	4.1333569645e-02	6.0541853867e-01	7.6309737151e-01
1.270000	1.270000	4.2877084220e-02	6.0102393742e-01	7.5971479179e-01
1.280000	1.280000	4.4390560262e-02	5.9687974529e-01	7.5649516184e-01
1.290000	1.290000	4.5873954370e-02	5.9296808010e-01	7.5342844264e-01
1.300000	1.300000	4.7327300475e-02	5.8927269276e-01	7.5050541665e-01
1.310000	1.310000	4.8750697995e-02	5.8577878271e-01	7.4771760218e-01
1.320000	1.320000	5.0144301795e-02	5.8247283814e-01	7.4505717855e-01
1.330000	1.330000	5.1508313684e-02	5.7934249706e-01	7.4251692045e-01
1.340000	1.340000	5.2842975174e-02	5.7637642633e-01	7.4009014018e-01
1.350000	1.350000	5.4148561313e-02	5.7356421565e-01	7.3777063670e-01
1.360000	1.360000	5.5425375403e-02	5.7089628464e-01	7.3555265046e-01
1.370000	1.370000	5.6673744489e-02	5.6836380105e-01	7.3343082341e-01
1.380000	1.380000	5.7894015476e-02	5.6595860851e-01	7.3140016330e-01
1.390000	1.390000	5.9086551802e-02	5.6367316265e-01	7.2945601188e-01
1.400000	1.400000	6.0251730562e-02	5.6150047437e-01	7.2759401647e-01
1.410000	1.410000	6.1389940034e-02	5.5943405939e-01	7.2581010441e-01
1.420000	1.420000	6.2501577538e-02	5.5746789326e-01	7.2410046012e-01
1.430000	1.430000	6.3587047591e-02	5.5559637115e-01	7.2246150449e-01
1.440000	1.440000	6.4646760297e-02	5.5381427185e-01	7.2088987620e-01
1.450000	1.450000	6.5681129964e-02	5.5211672544e-01	7.1938241490e-01
1.460000	1.460000	6.6690573896e-02	5.5049918419e-01	7.1793614592e-01
1.470000	1.470000	6.7675511349e-02	5.4895739639e-01	7.1654826643e-01
1.480000	1.480000	6.8636362616e-02	5.4748738268e-01	7.1521613283e-01
1.490000	1.490000	6.9573548240e-02	5.4608541464e-01	7.1393724928e-01
1.500000	1.500000	7.0487488323e-02	5.4474799544e-01	7.1270925723e-01
1.510000	1.510000	7.1378601928e-02	5.4347184218e-01	7.1152992586e-01
1.520000	1.520000	7.2247306558e-02	5.4225386995e-01	7.1039714334e-01
1.530000	1.530000	7.3094017698e-02	5.4109117723e-01	7.0930890877e-01
1.540000	1.540000	7.3919148422e-02	5.3998103262e-01	7.0826332488e-01
1.550000	1.550000	7.4723109046e-02	5.3892086268e-01	7.0725859120e-01
1.560000	1.560000	7.5506306831e-02	5.3790824087e-01	7.0629299792e-01
1.570000	1.570000	7.6269145720e-02	5.3694087735e-01	7.0536492005e-01
1.580000	1.580000	7.7012026110e-02	5.3601660969e-01	7.0447281223e-01
1.590000	1.590000	7.7735344658e-02	5.3513339428e-01	7.0361520378e-01
1.600000	1.600000	7.8439494106e-02	5.3428929850e-01	7.0279069422e-01
1.610000	1.610000	7.9124863137e-02	5.3348249340e-01	7.0199794906e-01
1.620000	1.620000	7.9791836242e-02	5.3271124712e-01	7.0123569592e-01
1.630000	1.630000	8.0440793615e-02	5.3197391863e-01	7.0050272097e-01
1.640000	1.640000	8.1072111054e-02	5.3126895209e-01	6.9979786556e-01
1.650000	1.650000	8.1686159882e-02	5.3059487159e-01	6.9912002311e-01
1.660000	1.660000	8.2283306877e-02	5.2995027623e-01	6.9846813624e-01
1.670000	1.670000	8.2863914211e-02	5.2933383564e-01	6.9784119407e-01
1.680000	1.680000	8.3428339405e-02	5.2874428575e-01	6.9723822969e-01
1.690000	1.690000	8.3976935286e-02	5.2818042494e-01	6.9665831785e-01
1.700000	1.700000	8.4510049951e-02	5.2764111038e-01	6.9610057274e-01
1.710000	1.710000	8.5028026742e-02	5.2712525466e-01	6.9556414598e-01
1.720000	1.720000	8.5531204224e-02	5.2663182270e-01	6.9504822466e-01
1.730000	1.730000	8.6019916171e-02	5.2615982877e-01	6.9455202958e-01
1.740000	1.740000	8.6494491549e-02	5.2570833377e-01	6.9407481354e-01
1.750000	1.750000	8.6955254513e-02	5.2527644270e-01	6.9361585980e-01
1.760000	1.760000	8.7402524399e-02	5.2486330227e-01	6.9317448057e-01
1.770000	1.770000	8.7836615729e-02	5.2446809865e-01	6.9275001563e-01
1.780000	1.780000	8.8257838207e-02	5.2409005543e-01	6.9234183102e-01
1.790000	1.790000	8.8666496729e-02	5.2372843160e-01	6.9194931779e-01
1.800000	1.800000	8.9062891389e-02	5.2338251976e-01	6.9157189089e-01
1.810000	1.810000	8.9447317487e-02	5.2305164439e-01	6.9120898801e-01
1.820000	1.820000	8.9820065544e-02	5.2273516023e-01	6.9086006861e-01
1.830000	1.830000	9.0181421316e-02	5.2243245074e-01	6.9052461291e-01
1.840000	1.840000	9.0531665807e-02	5.2214292673e-01	6.9020212098e-01
1.850000	1.850000	9.0871075290e-02	5.2186602494e-01	6.8989211187e-01
1.860000	1.860000	9.1199921323e-02	5.2160120681e-01	6.8959412281e-01
1.870000	1.870000	9.1518470773e-02	5.2134795731e-01	6.8930770840e-01
1.880000	1.880000	9.1826985837e-02	5.2110578377e-01	6.8903243989e-01
1.890000	1.890000	9.2125724064e-02	5.2087421481e-01	6.8876790449e-01
1.900000	1.900000	9.2414938381e-02	5.2065279941e-01	6.8851370469e-01
1.910000	1.910000	9.2694877121e-02	5.2044110587e-01	6.8826945764e-01
1.920000	1.920000	9.2965784048e-02	5.2023872096e-01	6.8803479456e-01
1.930000	1.930000	9.3227898387e-02	5.2004524907e-01	6.8780936018e-01
1.940000	1.940000	9.3481454854e-02	5.1986031140e-01	6.8759281218e-01
1.950000	1.950000	9.3726683685e-02	5.1968354520e-01	6.8738482068e-01
1.960000	1.960000	9.3963810671e-02	5.1951460304e-01	6.8718506777e-01
1.970000	1.970000	9.4193057190e-02	5.1935315213e-01	6.8699324704e-01
1.980000	1.980000	9.4414640239e-02	5.1919887367e-01	6.8680906312e-01
1.990000	1.990000	9.4628772474e-02	5.1905146225e-01	6.8663223130e-01
2.000000	2.000000	9.4835662242e-02	5.1891062523e-01	6.8646247707e-01
2.010000	2.010000	9.5035513620e-02	5.1877608222e-01	6.8629953577e-01
2.020000	2.020000	9.5228526452e-02	5.1864756452e-01	6.8614315222e-01
2.030000	2.030000	9.5414896392e-02	5.1852481463e-01	6.8599308038e-01
2.040000	2.040000	9.5594814940e-02	5.1840758577e-01	6.8584908298e-01
2.050000	2.050000	9.5768469482e-02	5.1829564142e-01	6.8571093122e-01
2.060000	2.060000	9.5936043339e-02	5.1818875489e-01	6.8557840448e-01
2.070000	2.070000	9.6097715800e-02	5.1808670891e-01	6.8545128999e-01
2.080000	2.080000	9.6253662174e-02	5.1798929522e-01	6.8532938256e-01
2.090000	2.090000	9.6404053830e-02	5.1789631419e-01	6.8521248434e-01
2.100000	2.100000	9.6549058242e-02	5.1780757448e-01	6.8510040450e-01
2.110000	2.110000	9.6688839036e-02	5.1772289268e-01	6.8499295905e-01
2.120000	2.120000	9.6823556038e-02	5.1764209300e-01	6.8488997054e-01
2.130000	2.130000	9.6953365318e-02	5.1756500693e-01	6.8479126787e-01
2.140000	2.140000	9.7078419239e-02	5.1749147295e-01	6.8469668605e-01
2.150000	2.150000	9.7198866508e-02	5.1742133626e-01	6.8460606598e-01
2.160000	2.160000	9.7314852222e-02	5.1735444850e-01	6.8451925428e-01
2.170000	2.170000	9.7426517919e-02	5.1729066744e-01	6.8443610307e-01
2.180000	2.180000	9.7534001627e-02	5.1722985681e-01	6.8435646976e-01
2.190000	2.190000	9.7637437918e-02	5.1717188600e-01	6.8428021692e-01
2.200000	2.200000	9.7736957955e-02	5.1711662986e-01	6.8420721204e-01
2.210000	2.210000	9.7832689545e-02	5.1706396844e-01	6.8413732743e-01
2.220000	2.220000	9.7924757193e-02	5.1701378684e-01	6.8407044000e-01
2.230000	2.230000	9.8013282150e-02	5.1696597495e-01	6.8400643114e-01
2.240000	2.240000	9.8098382471e-02	5.1692042728e-01	6.8394518652e-01
2.250000	2.250000	9.8180173061e-02	5.1687704278e-01	6.8388659602e-01
2.260000	2.260000	9.8258765736e-02	5.1683572466e-01	6.8383055352e-01
2.270000	2.270000	9.8334269269e-02	5.1679638020e-01	6.8377695678e-01
2.280000	2.280000	9.8406789447e-02	5.1675892059e-01	6.8372570733e-01
2.290000	2.290000	9.8476429125e-02	5.1672326080e-01	6.8367671032e-01
2.300000	2.300000	9.8543288276e-02	5.1668931941e-01	6.8362987442e-01
2.310000	2.310000	9.8607464050e-02	5.1665701844e-01	6.8358511167e-01
2.320000	2.320000	9.8669050823e-02	5.1662628324e-01	6.8354233739e-01
2.330000	2.330000	9.8728140251e-02	5.1659704237e-01	6.8350147005e-01
2.340000	2.340000	9.8784821326e-02	5.1656922743e-01	6.8346243117e-01
2.350000	2.350000	9.8839180428e-02	5.1654277295e-01	6.8342514523e-01
2.360000	2.360000	9.8891301378e-02	5.1651761631e-01	6.8338953955e-01
2.370000	2.370000	9.8941265490e-02	5.1649369755e-01	6.8335554421e-01
2.380000	2.380000	9.8989151625e-02	5.1647095935e-01	6.8332309191e-01
2.390000	2.390000	9.9035036246e-02	5.1644934684e-01	6.8329211796e-01
2.400000	2.400000	9.9078993465e-02	5.1642880756e-01	6.8326256010e-01
2.410000	2.410000	9.9121095099e-02	5.1640929133e-01	6.8323435851e-01
2.420000	2.420000	9.9161410719e-02	5.1639075017e-01	6.8320745562e-01
2.430000	2.430000	9.9200007705e-02	5.1637313819e-01	6.8318179614e-01
2.440000	2.440000	9.9236951292e-02	5.1635641156e-01	6.8315732688e-01
2.450000	2.450000	9.9272304625e-02	5.1634052834e-01	6.8313399676e-01
2.460000	2.460000	9.9306128804e-02	5.1632544848e-01	6.8311175669e-01
2.470000	2.470000	9.9338482940e-02	5.1631113369e-01	6.8309055949e-01
2.480000	2.480000	9.9369424196e-02	5.1629754741e-01	6.8307035988e-01
2.490000	2.490000	9.9399007844e-02	5.1628465468e-01	6.8305111435e-01
2.500000	2.500000	9.9427287305e-02	5.1627242215e-01	6.8303278113e-01
2.510000	2.510000	9.9454314203e-02	5.1626081794e-01	6.8301532011e-01
2.520000	2.520000	9.9480138405e-02	5.1624981162e-01	6.8299869280e-01
2.530000	2.530000	9.9504808074e-02	5.1623937413e-01	6.8298286226e-01
2.540000	2.540000	9.9528369710e-02	5.1622947776e-01	6.8296779306e-01
2.550000	2.550000	9.9550868197e-02	5.1622009604e-01	6.8295345118e-01
2.560000	2.560000	9.9572346843e-02	5.1621120370e-01	6.8293980401e-01
2.570000	2.570000	9.9592847431e-02	5.1620277666e-01	6.8292682029e-01
2.580000	2.580000	9.9612410254e-02	5.1619479194e-01	6.8291447002e-01
2.590000	2.590000	9.9631074164e-02	5.1618722761e-01	6.8290272445e-01
2.600000	2.600000	9.9648876607e-02	5.1618006277e-01	6.8289155605e-01
2.610000	2.610000	9.9665853669e-02	5.1617327749e-01	6.8288093840e-01
2.620000	2.620000	9.9682040113e-02	5.1616685277e-01	6.8287084622e-01
2.630000	2.630000	9.9697469419e-02	5.1616077051e-01	6.8286125528e-01
2.640000	2.640000	9.9712173821e-02	5.1615501344e-01	6.8285214238e-01
2.650000	2.650000	9.9726184349e-02	5.1614956514e-01	6.8284348531e-01
2.660000	2.660000	9.9739530862e-02	5.1614440993e-01	6.8283526279e-01
2.670000	2.670000	9.9752242085e-02	5.1613953291e-01	6.8282745447e-01
2.680000	2.680000	9.9764345645e-02	5.1613491987e-01	6.8282004087e-01
2.690000	2.690000	9.9775868106e-02	5.1613055728e-01	6.8281300337e-01
2.700000	2.700000	9.9786835003e-02	5.1612643227e-01	6.8280632412e-01
2.710000	2.710000	9.9797270874e-02	5.1612253259e-01	6.8279998609e-01
2.720000	2.720000	9.9807199295e-02	5.1611884658e-01	6.8279397298e-01
2.730000	2.730000	9.9816642909e-02	5.1611536315e-01	6.8278826920e-01
2.740000	2.740000	9.9825623458e-02	5.1611207175e-01	6.8278285986e-01
2.750000	2.750000	9.9834161813e-02	5.1610896234e-01	6.8277773073e-01
2.760000	2.760000	9.9842278006e-02	5.1610602538e-01	6.8277286821e-01
2.770000	2.770000	9.9849991252e-02	5.1610325180e-01	6.8276825932e-01
2.780000	2.780000	9.9857319988e-02	5.1610063297e-01	6.8276389166e-01
2.790000	2.790000	9.9864281887e-02	5.1609816071e-01	6.8275975338e-01
2.800000	2.800000	9.9870893898e-02	5.1609582723e-01	6.8275583319e-01
2.810000	2.810000	9.9877172260e-02	5.1609362512e-01	6.8275212029e-01
2.820000	2.820000	9.9883132536e-02	5.1609154738e-01	6.8274860439e-01
2.830000	2.830000	9.9888789632e-02	5.1608958731e-01	6.8274527568e-01
2.840000	2.840000	9.9894157824e-02	5.1608773860e-01	6.8274212479e-01
2.850000	2.850000	9.9899250780e-02	5.1608599522e-01	6.8273914279e-01
2.860000	2.860000	9.9904081581e-02	5.1608435147e-01	6.8273632116e-01
2.870000	2.870000	9.9908662746e-02	5.1608280194e-01	6.8273365179e-01
2.880000	2.880000	9.9913006251e-02	5.1608134149e-01	6.8273112694e-01
2.890000	2.890000	9.9917123548e-02	5.1607996525e-01	6.8272873926e-01
2.900000	2.900000	9.9921025590e-02	5.1607866859e-01	6.8272648171e-01
2.910000	2.910000	9.9924722845e-02	5.1607744713e-01	6.8272434761e-01
2.920000	2.920000	9.9928225317e-02	5.1607629672e-01	6.8272233061e-01
2.930000	2.930000	9.9931542565e-02	5.1607521343e-01	6.8272042463e-01
2.940000	2.940000	9.9934683718e-02	5.1607419352e-01	6.8271862392e-01
2.950000	2.950000	9.9937657495e-02	5.1607323346e-01	6.8271692299e-01
2.960000	2.960000	9.9940472219e-02	5.1607232990e-01	6.8271531661e-01
2.970000	2.970000	9.9943135834e-02	5.1607147966e-01	6.8271379982e-01
2.980000	2.980000	9.9945655920e-02	5.1607067976e-01	6.8271236791e-01
2.990000	2.990000	9.9948039708e-02	5.1606992734e-01	6.8271101637e-01
3.000000	3.000000	9.9950294093e-02	5.1606921972e-01	6.8270974095e-01
