#S2/S1 S2 MSE(t=300) Q(t=300) r(t=300)
0.000000	0.000000	1.8512836515e-01	1.3252373178e+04	1.1487747677e+02
0.003333	0.001667	1.8379571100e-01	1.3161224518e+04	1.1448343064e+02
0.006667	0.003333	1.8246853424e-01	1.3070385028e+04	1.1408933830e+02
0.010000	0.005000	1.8114683551e-01	1.2979854809e+04	1.1369520013e+02
0.013333	0.006667	1.7983061544e-01	1.2889633965e+04	1.1330101650e+02
0.016667	0.008333	1.7851987465e-01	1.2799722594e+04	1.1290678781e+02
0.020000	0.010000	1.7721461376e-01	1.2710120796e+04	1.1251251443e+02
0.023333	0.011667	1.7591483336e-01	1.2620828671e+04	1.1211819673e+02
0.026667	0.013333	1.7462053406e-01	1.2531846315e+04	1.1172383509e+02
0.030000	0.015000	1.7333171644e-01	1.2443173827e+04	1.1132942988e+02
0.033333	0.016667	1.7204838109e-01	1.2354811303e+04	1.1093498149e+02
0.036667	0.018333	1.7077052857e-01	1.2266758840e+04	1.1054049026e+02
0.040000	0.020000	1.6949815946e-01	1.2179016533e+04	1.1014595658e+02
0.043333	0.021667	1.6823127431e-01	1.2091584476e+04	1.0975138082e+02
0.046667	0.023333	1.6696987366e-01	1.2004462765e+04	1.0935676333e+02
0.050000	0.025000	1.6571395806e-01	1.1917651492e+04	1.0896210448e+02
0.053333	0.026667	1.6446352804e-01	1.1831150752e+04	1.0856740465e+02
0.056667	0.028333	1.6321858413e-01	1.1744960635e+04	1.0817266418e+02
0.060000	0.030000	1.6197912684e-01	1.1659081234e+04	1.0777788345e+02
0.063333	0.031667	1.6074515668e-01	1.1573512641e+04	1.0738306281e+02
0.066667	0.033333	1.5951667415e-01	1.1488254945e+04	1.0698820262e+02
0.070000	0.035000	1.5829367975e-01	1.1403308236e+04	1.0659330324e+02
0.073333	0.036667	1.5707617395e-01	1.1318672605e+04	1.0619836503e+02
0.076667	0.038333	1.5586415725e-01	1.1234348138e+04	1.0580338833e+02
0.080000	0.040000	1.5465763010e-01	1.1150334925e+04	1.0540837351e+02
0.083333	0.041667	1.5345659298e-01	1.1066633053e+04	1.0501332091e+02
0.086667	0.043333	1.5226104632e-01	1.0983242608e+04	1.0461823090e+02
0.090000	0.045000	1.5107099058e-01	1.0900163678e+04	1.0422310381e+02
0.093333	0.046667	1.4988642620e-01	1.0817396348e+04	1.0382794001e+02
0.096667	0.048333	1.4870735361e-01	1.0734940702e+04	1.0343273983e+02
0.100000	0.050000	1.4753377323e-01	1.0652796826e+04	1.0303750363e+02
0.103333	0.051667	1.4636568546e-01	1.0570964802e+04	1.0264223176e+02
0.106667	0.053333	1.4520309073e-01	1.0489444716e+04	1.0224692455e+02
0.110000	0.055000	1.4404598943e-01	1.0408236648e+04	1.0185158236e+02
0.113333	0.056667	1.4289438194e-01	1.0327340682e+04	1.0145620553e+02
0.116667	0.058333	1.4174826866e-01	1.0246756899e+04	1.0106079441e+02
0.120000	0.060000	1.4060764996e-01	1.0166485380e+04	1.0066534932e+02
0.123333	0.061667	1.3947252620e-01	1.0086526206e+04	1.0026987063e+02
0.126667	0.063333	1.3834289774e-01	1.0006879455e+04	9.9874358656e+01
0.130000	0.065000	1.3721876494e-01	9.9275452084e+03	9.9478813753e+01
0.133333	0.066667	1.3610012814e-01	9.8485235437e+03	9.9083236257e+01
0.136667	0.068333	1.3498698768e-01	9.7698145392e+03	9.8687626505e+01
0.140000	0.070000	1.3387934387e-01	9.6914182726e+03	9.8291984836e+01
0.143333	0.071667	1.3277719705e-01	9.6133348209e+03	9.7896311586e+01
0.146667	0.073333	1.3168054753e-01	9.5355642605e+03	9.7500607093e+01
0.150000	0.075000	1.3058939560e-01	9.4581066674e+03	9.7104871691e+01
0.153333	0.076667	1.2950374157e-01	9.3809621168e+03	9.6709105716e+01
0.156667	0.078333	1.2842358571e-01	9.3041306834e+03	9.6313309503e+01
0.160000	0.080000	1.2734892832e-01	9.2276124416e+03	9.5917483386e+01
0.163333	0.081667	1.2627976967e-01	9.1514074650e+03	9.5521627698e+01
0.166667	0.083333	1.2521611001e-01	9.0755158266e+03	9.5125742773e+01
0.170000	0.085000	1.2415794960e-01	8.9999375991e+03	9.4729828942e+01
0.173333	0.086667	1.2310528870e-01	8.9246728545e+03	9.4333886539e+01
0.176667	0.088333	1.2205812753e-01	8.8497216642e+03	9.3937915894e+01
0.180000	0.090000	1.2101646634e-01	8.7750840994e+03	9.3541917340e+01
0.183333	0.091667	1.1998030534e-01	8.7007602305e+03	9.3145891210e+01
0.186667	0.093333	1.1894964474e-01	8.6267501278e+03	9.2749837834e+01
0.190000	0.095000	1.1792448476e-01	8.5530538613e+03	9.2353757549e+01
0.193333	0.096667	1.1690482560e-01	8.4796715025e+03	9.1957650698e+01
0.196667	0.098333	1.1589066743e-01	8.4066031130e+03	9.1561517577e+01
0.200000	0.100000	1.1488201045e-01	8.3338487458e+03	9.1165358434e+01
0.203333	0.101667	1.1387885482e-01	8.2614084912e+03	9.0769173724e+01
0.206667	0.103333	1.1288120072e-01	8.1892824119e+03	9.0372963755e+01
0.210000	0.105000	1.1188904828e-01	8.1174705728e+03	8.9976728851e+01
0.213333	0.106667	1.1090239767e-01	8.0459730390e+03	8.9580469338e+01
0.216667	0.108333	1.0992124902e-01	7.9747898753e+03	8.9184185545e+01
0.220000	0.110000	1.0894560245e-01	7.9039211462e+03	8.8787877799e+01
0.223333	0.111667	1.0797545810e-01	7.8333669155e+03	8.8391546429e+01
0.226667	0.113333	1.0701081606e-01	7.7631272467e+03	8.7995191765e+01
0.230000	0.115000	1.0605167645e-01	7.6932022027e+03	8.7598814136e+01
0.233333	0.116667	1.0509803935e-01	7.6235918458e+03	8.7202413872e+01
0.236667	0.118333	1.0414990486e-01	7.5542962379e+03	8.6805991300e+01
0.240000	0.120000	1.0320727304e-01	7.4853154406e+03	8.6409546753e+01
0.243333	0.121667	1.0227014396e-01	7.4166495145e+03	8.6013080560e+01
0.246667	0.123333	1.0133851767e-01	7.3482985201e+03	8.5616593052e+01
0.250000	0.125000	1.0041239424e-01	7.2802625173e+03	8.5220084560e+01
0.253333	0.126667	9.9491773680e-02	7.2125415654e+03	8.4823555416e+01
0.256667	0.128333	9.8576656033e-02	7.1451357233e+03	8.4427005951e+01
0.260000	0.130000	9.7667041313e-02	7.0780450491e+03	8.4030436497e+01
0.263333	0.131667	9.6762929529e-02	7.0112696007e+03	8.3633847388e+01
0.266667	0.133333	9.5864320677e-02	6.9448094355e+03	8.3237238958e+01
0.270000	0.135000	9.4971214747e-02	6.8786646103e+03	8.2840611539e+01
0.273333	0.136667	9.4083611715e-02	6.8128351812e+03	8.2443965469e+01
0.276667	0.138333	9.3201511550e-02	6.7473212042e+03	8.2047301081e+01
0.280000	0.140000	9.2324914208e-02	6.6821227344e+03	8.1650618712e+01
0.283333	0.141667	9.1453819634e-02	6.6172398267e+03	8.1253918699e+01
0.286667	0.143333	9.0588227766e-02	6.5526725353e+03	8.0857201382e+01
0.290000	0.145000	8.9728138526e-02	6.4884209141e+03	8.0460467098e+01
0.293333	0.146667	8.8873551830e-02	6.4244850162e+03	8.0063716188e+01
0.296667	0.148333	8.8024467578e-02	6.3608648945e+03	7.9666948993e+01
0.300000	0.150000	8.7180885663e-02	6.2975606012e+03	7.9270165856e+01
0.303333	0.151667	8.6342805963e-02	6.2345721882e+03	7.8873367119e+01
0.306667	0.153333	8.5510228346e-02	6.1718997066e+03	7.8476553128e+01
0.310000	0.155000	8.4683152669e-02	6.1095432072e+03	7.8079724228e+01
0.313333	0.156667	8.3861578774e-02	6.0475027404e+03	7.7682880768e+01
0.316667	0.158333	8.3045506494e-02	5.9857783560e+03	7.7286023095e+01
0.320000	0.160000	8.2234935647e-02	5.9243701033e+03	7.6889151561e+01
0.323333	0.161667	8.1429866040e-02	5.8632780310e+03	7.6492266516e+01
0.326667	0.163333	8.0630297466e-02	5.8025021875e+03	7.6095368316e+01
0.330000	0.165000	7.9836229705e-02	5.7420426205e+03	7.5698457314e+01
0.333333	0.166667	7.9047662525e-02	5.6818993775e+03	7.5301533869e+01
0.336667	0.168333	7.8264595679e-02	5.6220725052e+03	7.4904598338e+01
0.340000	0.170000	7.7487028905e-02	5.5625620500e+03	7.4507651084e+01
0.343333	0.171667	7.6714961931e-02	5.5033680576e+03	7.4110692467e+01
0.346667	0.173333	7.5948394466e-02	5.4444905735e+03	7.3713722855e+01
0.350000	0.175000	7.5187326206e-02	5.3859296425e+03	7.3316742613e+01
0.353333	0.176667	7.4431756835e-02	5.3276853089e+03	7.2919752110e+01
0.356667	0.178333	7.3681686016e-02	5.2697576165e+03	7.2522751720e+01
0.360000	0.180000	7.2937113401e-02	5.2121466088e+03	7.2125741814e+01
0.363333	0.181667	7.2198038625e-02	5.1548523285e+03	7.1728722771e+01
0.366667	0.183333	7.1464461306e-02	5.0978748180e+03	7.1331694968e+01
0.370000	0.185000	7.0736381045e-02	5.0412141191e+03	7.0934658788e+01
0.373333	0.186667	7.0013797428e-02	4.9848702729e+03	7.0537614613e+01
0.376667	0.188333	6.9296710022e-02	4.9288433202e+03	7.0140562829e+01
0.380000	0.190000	6.8585118378e-02	4.8731333004e+03	6.9743503821e+01
0.383333	0.191667	6.7879022025e-02	4.8177402556e+03	6.9346437998e+01
0.386667	0.193333	6.7178420479e-02	4.7626642295e+03	6.8949365789e+01
0.390000	0.195000	6.6483313233e-02	4.7079052566e+03	6.8552287562e+01
0.393333	0.196667	6.5793699761e-02	4.6534633753e+03	6.8155203721e+01
0.396667	0.198333	6.5109579520e-02	4.5993386279e+03	6.7758114707e+01
0.400000	0.200000	6.4430951943e-02	4.5455310473e+03	6.7361020897e+01
0.403333	0.201667	6.3757816443e-02	4.4920406699e+03	6.6963922703e+01
0.406667	0.203333	6.3090172414e-02	4.4388675325e+03	6.6566820547e+01
0.410000	0.205000	6.2428019226e-02	4.3860116713e+03	6.6169714856e+01
0.413333	0.206667	6.1771356226e-02	4.3334731223e+03	6.5772606058e+01
0.416667	0.208333	6.1120182740e-02	4.2812519210e+03	6.5375494594e+01
0.420000	0.210000	6.0474498067e-02	4.2293481037e+03	6.4978380913e+01
0.423333	0.211667	5.9834301486e-02	4.1777617100e+03	6.4581265501e+01
0.426667	0.213333	5.9199592247e-02	4.1264927522e+03	6.4184148643e+01
0.430000	0.215000	5.8570369576e-02	4.0755412871e+03	6.3787030972e+01
0.433333	0.216667	5.7946632675e-02	4.0249072990e+03	6.3389912571e+01
0.436667	0.218333	5.7328380714e-02	3.9745908727e+03	6.2992794314e+01
0.440000	0.220000	5.6715612838e-02	3.9245920274e+03	6.2595676576e+01
0.443333	0.221667	5.6108328163e-02	3.8749107921e+03	6.2198559813e+01
0.446667	0.223333	5.5506525777e-02	3.8255471962e+03	6.1801444499e+01
0.450000	0.225000	5.4910204734e-02	3.7765012693e+03	6.1404331117e+01
0.453333	0.226667	5.4319364061e-02	3.7277730404e+03	6.1007220158e+01
0.456667	0.228333	5.3734002748e-02	3.6793625383e+03	6.0610112118e+01
0.460000	0.230000	5.3154119757e-02	3.6312697913e+03	6.0213007505e+01
0.463333	0.231667	5.2579714012e-02	3.5834948270e+03	5.9815906829e+01
0.466667	0.233333	5.2010784403e-02	3.5360376727e+03	5.9418810610e+01
0.470000	0.235000	5.1447329785e-02	3.4888983550e+03	5.9021719376e+01
0.473333	0.236667	5.0889348974e-02	3.4420769001e+03	5.8624633661e+01
0.476667	0.238333	5.0336840747e-02	3.3955733337e+03	5.8227554008e+01
0.480000	0.240000	4.9789803842e-02	3.3493876808e+03	5.7830480969e+01
0.483333	0.241667	4.9248236957e-02	3.3035199659e+03	5.7433415104e+01
0.486667	0.243333	4.8712138745e-02	3.2579702130e+03	5.7036356981e+01
0.490000	0.245000	4.8181507817e-02	3.2127384455e+03	5.6639307178e+01
0.493333	0.246667	4.7656342739e-02	3.1678246864e+03	5.6242266281e+01
0.496667	0.248333	4.7136642028e-02	3.1232289579e+03	5.5845234889e+01
0.500000	0.250000	4.6622404154e-02	3.0789512817e+03	5.5448213608e+01
0.503333	0.251667	4.6113627538e-02	3.0349916791e+03	5.5051203056e+01
0.506667	0.253333	4.5610310547e-02	2.9913501705e+03	5.4654203860e+01
0.510000	0.255000	4.5112451496e-02	2.9480267761e+03	5.4257216660e+01
0.513333	0.256667	4.4620048643e-02	2.9050215153e+03	5.3860242108e+01
0.516667	0.258333	4.4133100191e-02	2.8623344068e+03	5.3463280865e+01
0.520000	0.260000	4.3651604282e-02	2.8199654690e+03	5.3066333608e+01
0.523333	0.261667	4.3175558995e-02	2.7779147195e+03	5.2669401023e+01
0.526667	0.263333	4.2704962349e-02	2.7361821753e+03	5.2272483813e+01
0.530000	0.265000	4.2239812292e-02	2.6947678527e+03	5.1875582691e+01
0.533333	0.266667	4.1780106708e-02	2.6536717676e+03	5.1478698388e+01
0.536667	0.268333	4.1325843407e-02	2.6128939352e+03	5.1081831645e+01
0.540000	0.270000	4.0877020125e-02	2.5724343699e+03	5.0684983223e+01
0.543333	0.271667	4.0433634524e-02	2.5322930856e+03	5.0288153895e+01
0.546667	0.273333	3.9995684183e-02	2.4924700955e+03	4.9891344452e+01
0.550000	0.275000	3.9563166600e-02	2.4529654122e+03	4.9494555701e+01
0.553333	0.276667	3.9136079189e-02	2.4137790475e+03	4.9097788468e+01
0.556667	0.278333	3.8714419270e-02	2.3749110127e+03	4.8701043594e+01
0.560000	0.280000	3.8298184075e-02	2.3363613182e+03	4.8304321943e+01
0.563333	0.281667	3.7887370736e-02	2.2981299739e+03	4.7907624395e+01
0.566667	0.283333	3.7481976287e-02	2.2602169892e+03	4.7510951855e+01
0.570000	0.285000	3.7081997657e-02	2.2226223723e+03	4.7114305242e+01
0.573333	0.286667	3.6687431664e-02	2.1853461305e+03	4.6717685498e+01
0.576667	0.288333	3.6298275016e-02	2.1483882710e+03	4.6321093591e+01
0.580000	0.290000	3.5914524301e-02	2.1117487997e+03	4.5924530509e+01
0.583333	0.291667	3.5536175984e-02	2.0754277221e+03	4.5527997267e+01
0.586667	0.293333	3.5163226401e-02	2.0394250428e+03	4.5131494903e+01
0.590000	0.295000	3.4795671757e-02	2.0037407655e+03	4.4735024482e+01
0.593333	0.296667	3.4433508114e-02	1.9683748933e+03	4.4338587096e+01
0.596667	0.298333	3.4076731391e-02	1.9333274283e+03	4.3942183865e+01
0.600000	0.300000	3.3725337353e-02	1.8985983718e+03	4.3545815939e+01
0.603333	0.301667	3.3379321606e-02	1.8641877242e+03	4.3149484498e+01
0.606667	0.303333	3.3038679592e-02	1.8300954852e+03	4.2753190754e+01
0.610000	0.305000	3.2703406576e-02	1.7963216533e+03	4.2356935950e+01
0.613333	0.306667	3.2373497645e-02	1.7628662265e+03	4.1960721366e+01
0.616667	0.308333	3.2048947693e-02	1.7297292014e+03	4.1564548316e+01
0.620000	0.310000	3.1729751416e-02	1.6969105741e+03	4.1168418152e+01
0.623333	0.311667	3.1415903302e-02	1.6644103393e+03	4.0772332263e+01
0.626667	0.313333	3.1107397621e-02	1.6322284909e+03	4.0376292081e+01
0.630000	0.315000	3.0804228412e-02	1.6003650220e+03	3.9980299078e+01
0.633333	0.316667	3.0506389477e-02	1.5688199242e+03	3.9584354770e+01
0.636667	0.318333	3.0213874365e-02	1.5375931884e+03	3.9188460719e+01
0.640000	0.320000	2.9926676360e-02	1.5066848041e+03	3.8792618535e+01
0.643333	0.321667	2.9644788470e-02	1.4760947600e+03	3.8396829876e+01
0.646667	0.323333	2.9368203410e-02	1.4458230434e+03	3.8001096455e+01
0.650000	0.325000	2.9096913591e-02	1.4158696404e+03	3.7605420036e+01
0.653333	0.326667	2.8830911098e-02	1.3862345359e+03	3.7209802441e+01
0.656667	0.328333	2.8570187681e-02	1.3569177136e+03	3.6814245550e+01
0.660000	0.330000	2.8314734731e-02	1.3279191561e+03	3.6418751308e+01
0.663333	0.331667	2.8064543262e-02	1.2992388444e+03	3.6023321723e+01
0.666667	0.333333	2.7819603895e-02	1.2708767582e+03	3.5627958871e+01
0.670000	0.335000	2.7579906832e-02	1.2428328757e+03	3.5232664898e+01
0.673333	0.336667	2.7345441832e-02	1.2151071738e+03	3.4837442024e+01
0.676667	0.338333	2.7116198192e-02	1.1876996278e+03	3.4442292550e+01
0.680000	0.340000	2.6892164716e-02	1.1606102116e+03	3.4047218857e+01
0.683333	0.341667	2.6673329689e-02	1.1338388973e+03	3.3652223411e+01
0.686667	0.343333	2.6459680847e-02	1.1073856555e+03	3.3257308768e+01
0.690000	0.345000	2.6251205344e-02	1.0812504549e+03	3.2862477580e+01
0.693333	0.346667	2.6047889722e-02	1.0554332628e+03	3.2467732598e+01
0.696667	0.348333	2.5849719866e-02	1.0299340442e+03	3.2073076675e+01
0.700000	0.350000	2.5656680974e-02	1.0047527626e+03	3.1678512778e+01
0.703333	0.351667	2.5468757510e-02	9.7988937935e+02	3.1284043985e+01
0.706667	0.353333	2.5285933158e-02	9.5534385363e+02	3.0889673498e+01
0.710000	0.355000	2.5108190776e-02	9.3111614280e+02	3.0495404647e+01
0.713333	0.356667	2.4935512345e-02	9.0720620186e+02	3.0101240897e+01
0.716667	0.358333	2.4767878906e-02	8.8361398357e+02	2.9707185856e+01
0.720000	0.360000	2.4605270509e-02	8.6033943830e+02	2.9313243282e+01
0.723333	0.361667	2.4447666139e-02	8.3738251389e+02	2.8919417091e+01
0.726667	0.363333	2.4295043652e-02	8.1474315569e+02	2.8525711368e+01
0.730000	0.365000	2.4147379696e-02	7.9242130639e+02	2.8132130375e+01
0.733333	0.366667	2.4004649629e-02	7.7041690584e+02	2.7738678563e+01
0.736667	0.368333	2.3866827428e-02	7.4872989099e+02	2.7345360581e+01
0.740000	0.370000	2.3733885597e-02	7.2736019573e+02	2.6952181290e+01
0.743333	0.371667	2.3605795061e-02	7.0630775069e+02	2.6559145770e+01
0.746667	0.373333	2.3482525049e-02	6.8557248336e+02	2.6166259347e+01
0.750000	0.375000	2.3364042975e-02	6.6515431764e+02	2.5773527593e+01
0.753333	0.376667	2.3250314300e-02	6.4505317378e+02	2.5380956350e+01
0.756667	0.378333	2.3141302391e-02	6.2526896823e+02	2.4988551746e+01
0.760000	0.380000	2.3036968356e-02	6.0580161335e+02	2.4596320211e+01
0.763333	0.381667	2.2937270874e-02	5.8665101735e+02	2.4204268501e+01
0.766667	0.383333	2.2842166001e-02	5.6781708404e+02	2.3812403717e+01
0.770000	0.385000	2.2751606966e-02	5.4929971253e+02	2.3420733329e+01
0.773333	0.386667	2.2665543941e-02	5.3109879702e+02	2.3029265201e+01
0.776667	0.388333	2.2583923788e-02	5.1321422653e+02	2.2638007620e+01
0.780000	0.390000	2.2506689789e-02	4.9564588466e+02	2.2246969324e+01
0.783333	0.391667	2.2433781341e-02	4.7839364921e+02	2.1856159538e+01
0.786667	0.393333	2.2365133620e-02	4.6145739190e+02	2.1465588003e+01
0.790000	0.395000	2.2300677216e-02	4.4483697801e+02	2.1075265022e+01
0.793333	0.396667	2.2240337726e-02	4.2853226598e+02	2.0685201499e+01
0.796667	0.398333	2.2184035302e-02	4.1254310702e+02	2.0295408983e+01
0.800000	0.400000	2.2131684153e-02	3.9686934463e+02	1.9905899724e+01
0.803333	0.401667	2.2083191990e-02	3.8151081417e+02	1.9516686722e+01
0.806667	0.403333	2.2038459410e-02	3.6646734233e+02	1.9127783796e+01
0.810000	0.405000	2.1997379206e-02	3.5173874649e+02	1.8739205644e+01
0.813333	0.406667	2.1959835601e-02	3.3732483420e+02	1.8350967920e+01
0.816667	0.408333	2.1925703391e-02	3.2322540244e+02	1.7963087316e+01
0.820000	0.410000	2.1894846979e-02	3.0944023692e+02	1.7575581652e+01
0.823333	0.411667	2.1867119296e-02	2.9596911127e+02	1.7188469976e+01
0.826667	0.413333	2.1842360589e-02	2.8281178616e+02	1.6801772673e+01
0.830000	0.415000	2.1820397041e-02	2.6996800836e+02	1.6415511594e+01
0.833333	0.416667	2.1801039234e-02	2.5743751078e+02	1.6029710221e+01
0.836667	0.418333	2.1784080384e-02	2.4522000907e+02	1.5644393759e+01
0.840000	0.420000	2.1769294347e-02	2.3331520061e+02	1.5259589310e+01
0.843333	0.421667	2.1756433360e-02	2.2172276504e+02	1.4875326126e+01
0.846667	0.423333	2.1745225456e-02	2.1044236166e+02	1.4491635797e+01
0.850000	0.425000	2.1735371499e-02	1.9947362775e+02	1.4108552492e+01
0.853333	0.426667	2.1726541801e-02	1.8881617657e+02	1.3726113237e+01
0.856667	0.428333	2.1718372221e-02	1.7846959535e+02	1.3344358229e+01
0.860000	0.430000	2.1710459674e-02	1.6843344285e+02	1.2963331187e+01
0.863333	0.431667	2.1702356932e-02	1.5870724673e+02	1.2583079760e+01
0.866667	0.433333	2.1693566612e-02	1.4929050060e+02	1.2203655987e+01
0.870000	0.435000	2.1683534165e-02	1.4018266067e+02	1.1825116825e+01
0.873333	0.436667	2.1671639713e-02	1.3138314196e+02	1.1447524755e+01
0.876667	0.438333	2.1657188497e-02	1.2289131408e+02	1.1070948482e+01
0.880000	0.440000	2.1639399665e-02	1.1470649638e+02	1.0695463742e+01
0.883333	0.441667	2.1617393069e-02	1.0682795245e+02	1.0321154240e+01
0.886667	0.443333	2.1590173690e-02	9.9254883899e+01	9.9481127406e+00
0.890000	0.445000	2.1556613168e-02	9.1986423104e+01	9.5764423402e+00
0.893333	0.446667	2.1515427874e-02	8.5021625014e+01	9.2062579612e+00
0.896667	0.448333	2.1465152775e-02	7.8359457621e+01	8.8376881091e+00
0.900000	0.450000	2.1404110217e-02	7.1998790929e+01	8.4708769475e+00
0.903333	0.451667	2.1330372538e-02	6.5938384146e+01	8.1059867589e+00
0.906667	0.453333	2.1241717219e-02	6.0176870733e+01	7.7432008742e+00
0.910000	0.455000	2.1135573020e-02	5.4712740874e+01	7.3827271735e+00
0.913333	0.456667	2.1008955274e-02	4.9544320835e+01	7.0248022837e+00
0.916667	0.458333	2.0858388257e-02	4.4669748566e+01	6.6696966322e+00
0.920000	0.460000	2.0679812354e-02	4.0086944713e+01	6.3177205466e+00
0.923333	0.461667	2.0468473781e-02	3.5793578032e+01	5.9692316390e+00
0.926667	0.463333	2.0218794998e-02	3.1787023947e+01	5.6246437569e+00
0.930000	0.465000	1.9924225289e-02	2.8064314671e+01	5.2844378394e+00
0.933333	0.466667	1.9577073820e-02	2.4622078955e+01	4.9491750599e+00
0.936667	0.468333	1.9168333274e-02	2.1456469048e+01	4.6195126616e+00
0.940000	0.470000	1.8687513098e-02	1.8563071959e+01	4.2962228582e+00
0.943333	0.471667	1.8122521003e-02	1.5936801529e+01	3.9802150085e+00
0.946667	0.473333	1.7459665385e-02	1.3571767311e+01	3.6725608592e+00
0.950000	0.475000	1.6683906954e-02	1.1461116008e+01	3.3745217582e+00
0.953333	0.476667	1.5779572794e-02	9.5968415487e+00	3.0875750005e+00
0.956667	0.478333	1.4731859336e-02	7.9695617397e+00	2.8134333264e+00
0.960000	0.480000	1.3529562248e-02	6.5682640782e+00	2.5540463761e+00
0.963333	0.481667	1.2169475692e-02	5.3800333347e+00	2.3115652714e+00
0.966667	0.483333	1.0662559045e-02	4.3897925581e+00	2.0882427211e+00
0.970000	0.485000	9.0409040922e-03	3.5801211783e+00	1.8862367574e+00
0.973333	0.486667	7.3625770147e-03	2.9312587357e+00	1.7072995366e+00
0.976667	0.488333	5.7095031355e-03	2.4214445446e+00	1.5523814114e+00
0.980000	0.490000	4.1745335968e-03	2.0277352018e+00	1.4212660235e+00
0.983333	0.491667	2.8401872393e-03	1.7273141104e+00	1.3124218288e+00
0.986667	0.493333	1.7596601865e-03	1.4990501800e+00	1.2232094017e+00
0.990000	0.495000	9.5089565805e-04	1.3248335670e+00	1.1503937192e+00
0.993333	0.496667	4.0443940767e-04	1.1902568126e+00	1.0907249569e+00
0.996667	0.498333	9.6619772160e-05	1.0845418399e+00	1.0413503172e+00
1.000000	0.500000	2.0037574378e-09	9.9995532881e-01	9.9997766172e-01
1.003333	0.501667	8.2173571374e-05	9.3096283912e-01	9.6481050789e-01
1.006667	0.503333	2.9475242277e-04	8.7343339538e-01	9.3438417071e-01
1.010000	0.505000	6.0057448400e-04	8.2454433147e-01	9.0765222207e-01
1.013333	0.506667	9.7454953482e-04	7.8236008631e-01	8.8387518835e-01
1.016667	0.508333	1.3991174789e-03	7.4550388584e-01	8.6251271101e-01
1.020000	0.510000	1.8616237734e-03	7.1296566699e-01	8.4315842042e-01
1.023333	0.511667	2.3527291740e-03	6.8398490113e-01	8.2549919815e-01
1.026667	0.513333	2.8654047282e-03	6.5797624279e-01	8.0928876960e-01
1.030000	0.515000	3.3942733290e-03	6.3448066415e-01	7.9433001059e-01
1.033333	0.516667	3.9351649210e-03	6.1313233739e-01	7.8046273906e-01
1.036667	0.518333	4.4848080861e-03	5.9363558235e-01	7.6755507195e-01
1.040000	0.520000	5.0406113216e-03	5.7574844232e-01	7.5549716707e-01
1.043333	0.521667	5.6005048545e-03	5.5927074084e-01	7.4419660156e-01
1.046667	0.523333	6.1628242488e-03	5.4403523879e-01	7.3357489892e-01
1.050000	0.525000	6.7262234463e-03	5.2990098107e-01	7.2356487855e-01
1.053333	0.526667	7.2896089074e-03	5.1674821808e-01	7.1410860462e-01
1.056667	0.528333	7.8520891187e-03	5.0447447881e-01	7.0515577891e-01
1.060000	0.530000	8.4129354558e-03	4.9299149851e-01	6.9666246717e-01
1.063333	0.531667	8.9715515416e-03	4.8222278903e-01	6.8859007935e-01
1.066667	0.533333	9.5274490404e-03	4.7210169877e-01	6.8090454542e-01
1.070000	0.535000	1.0080228375e-02	4.6256984933e-01	6.7357564354e-01
1.073333	0.536667	1.0629563254e-02	4.5357586552e-01	6.6657644794e-01
1.076667	0.538333	1.1175188162e-02	4.4507433559e-01	6.5988287193e-01
1.080000	0.540000	1.1716888190e-02	4.3702495399e-01	6.5347328712e-01
1.083333	0.541667	1.2254490715e-02	4.2939180987e-01	6.4732820396e-01
1.086667	0.543333	1.2787858558e-02	4.2214279304e-01	6.4143000236e-01
1.090000	0.545000	1.3316884322e-02	4.1524909495e-01	6.3576270309e-01
1.093333	0.546667	1.3841485698e-02	4.0868478741e-01	6.3031177293e-01
1.096667	0.548333	1.4361601549e-02	4.0242646500e-01	6.2506395771e-01
1.100000	0.550000	1.4877188626e-02	3.9645294020e-01	6.2000713860e-01
1.103333	0.551667	1.5388218817e-02	3.9074498228e-01	6.1513020794e-01
1.106667	0.553333	1.5894676820e-02	3.8528509260e-01	6.1042296141e-01
1.110000	0.555000	1.6396558182e-02	3.8005731068e-01	6.0587600421e-01
1.113333	0.556667	1.6893867629e-02	3.7504704602e-01	6.0148066887e-01
1.116667	0.558333	1.7386617654e-02	3.7024093182e-01	5.9722894330e-01
1.120000	0.560000	1.7874827304e-02	3.6562669721e-01	5.9311340736e-01
1.123333	0.561667	1.8358521156e-02	3.6119305547e-01	5.8912717692e-01
1.126667	0.563333	1.8837728428e-02	3.5692960571e-01	5.8526385429e-01
1.130000	0.565000	1.9312482227e-02	3.5282674629e-01	5.8151748421e-01
1.133333	0.566667	1.9782818898e-02	3.4887559835e-01	5.7788251467e-01
1.136667	0.568333	2.0248777464e-02	3.4506793800e-01	5.7435376194e-01
1.140000	0.570000	2.0710399150e-02	3.4139613615e-01	5.7092637929e-01
1.143333	0.571667	2.1167726964e-02	3.3785310483e-01	5.6759582888e-01
1.146667	0.573333	2.1620805346e-02	3.3443224943e-01	5.6435785659e-01
1.150000	0.575000	2.2069679853e-02	3.3112742584e-01	5.6120846921e-01
1.153333	0.576667	2.2514396902e-02	3.2793290208e-01	5.5814391399e-01
1.156667	0.578333	2.2955003534e-02	3.2484332385e-01	5.5516066005e-01
1.160000	0.580000	2.3391547220e-02	3.2185368348e-01	5.5225538156e-01
1.163333	0.581667	2.3824075691e-02	3.1895929194e-01	5.4942494247e-01
1.166667	0.583333	2.4252636792e-02	3.1615575354e-01	5.4666638262e-01
1.170000	0.585000	2.4677278352e-02	3.1343894305e-01	5.4397690511e-01
1.173333	0.586667	2.5098048083e-02	3.1080498493e-01	5.4135386471e-01
1.176667	0.588333	2.5514993481e-02	3.0825023448e-01	5.3879475733e-01
1.180000	0.590000	2.5928161749e-02	3.0577126065e-01	5.3629721036e-01
1.183333	0.591667	2.6337599732e-02	3.0336483046e-01	5.3385897382e-01
1.186667	0.593333	2.6743353857e-02	3.0102789467e-01	5.3147791219e-01
1.190000	0.595000	2.7145470086e-02	2.9875757479e-01	5.2915199700e-01
1.193333	0.596667	2.7543993876e-02	2.9655115114e-01	5.2687929987e-01
1.196667	0.598333	2.7938970145e-02	2.9440605186e-01	5.2465798625e-01
1.200000	0.600000	2.8330443246e-02	2.9231984296e-01	5.2248630948e-01
1.203333	0.601667	2.8718456941e-02	2.9029021903e-01	5.2036260546e-01
1.206667	0.603333	2.9103054389e-02	2.8831499476e-01	5.1828528758e-01
1.210000	0.605000	2.9484278126e-02	2.8639209718e-01	5.1625284214e-01
1.213333	0.606667	2.9862170061e-02	2.8451955839e-01	5.1426382402e-01
1.216667	0.608333	3.0236771461e-02	2.8269550893e-01	5.1231685268e-01
1.220000	0.610000	3.0608122956e-02	2.8091817164e-01	5.1041060850e-01
1.223333	0.611667	3.0976264527e-02	2.7918585596e-01	5.0854382928e-01
1.226667	0.613333	3.1341235511e-02	2.7749695264e-01	5.0671530707e-01
1.230000	0.615000	3.1703074603e-02	2.7584992888e-01	5.0492388514e-01
1.233333	0.616667	3.2061819853e-02	2.7424332381e-01	5.0316845526e-01
1.236667	0.618333	3.2417508679e-02	2.7267574421e-01	5.0144795498e-01
1.240000	0.620000	3.2770177862e-02	2.7114586066e-01	4.9976136533e-01
1.243333	0.621667	3.3119863560e-02	2.6965240386e-01	4.9810770842e-01
1.246667	0.623333	3.3466601311e-02	2.6819416124e-01	4.9648604539e-01
1.250000	0.625000	3.3810426042e-02	2.6676997378e-01	4.9489547440e-01
1.253333	0.626667	3.4151372077e-02	2.6537873307e-01	4.9333512871e-01
1.256667	0.628333	3.4489473142e-02	2.6401937855e-01	4.9180417499e-01
1.260000	0.630000	3.4824762382e-02	2.6269089492e-01	4.9030181161e-01
1.263333	0.631667	3.5157272361e-02	2.6139230973e-01	4.8882726714e-01
1.266667	0.633333	3.5487035078e-02	2.6012269112e-01	4.8737979885e-01
1.270000	0.635000	3.5814081973e-02	2.5888114569e-01	4.8595869136e-01
1.273333	0.636667	3.6138443939e-02	2.5766681656e-01	4.8456325537e-01
1.276667	0.638333	3.6460151332e-02	2.5647888145e-01	4.8319282638e-01
1.280000	0.640000	3.6779233980e-02	2.5531655095e-01	4.8184676359e-01
1.283333	0.641667	3.7095721190e-02	2.5417906690e-01	4.8052444881e-01
1.286667	0.643333	3.7409641766e-02	2.5306570084e-01	4.7922528544e-01
1.290000	0.645000	3.7721024010e-02	2.5197575253e-01	4.7794869747e-01
1.293333	0.646667	3.8029895738e-02	2.5090854859e-01	4.7669412860e-01
1.296667	0.648333	3.8336284286e-02	2.4986344125e-01	4.7546104137e-01
1.300000	0.650000	3.8640216524e-02	2.4883980708e-01	4.7424891633e-01
1.303333	0.651667	3.8941718861e-02	2.4783704588e-01	4.7305725129e-01
1.306667	0.653333	3.9240817257e-02	2.4685457960e-01	4.7188556053e-01
1.310000	0.655000	3.9537537231e-02	2.4589185129e-01	4.7073337417e-01
1.313333	0.656667	3.9831903874e-02	2.4494832416e-01	4.6960023748e-01
1.316667	0.658333	4.0123941852e-02	2.4402348067e-01	4.6848571025e-01
1.320000	0.660000	4.0413675419e-02	2.4311682167e-01	4.6738936619e-01
1.323333	0.661667	4.0701128426e-02	2.4222786555e-01	4.6631079239e-01
1.326667	0.663333	4.0986324327e-02	2.4135614750e-01	4.6524958874e-01
1.330000	0.665000	4.1269286191e-02	2.4050121879e-01	4.6420536748e-01
1.333333	0.666667	4.1550036706e-02	2.3966264604e-01	4.6317775264e-01
1.336667	0.668333	4.1828598191e-02	2.3884001058e-01	4.6216637966e-01
1.340000	0.670000	4.2104992603e-02	2.3803290783e-01	4.6117089485e-01
1.343333	0.671667	4.2379241541e-02	2.3724094669e-01	4.6019095508e-01
1.346667	0.673333	4.2651366260e-02	2.3646374903e-01	4.5922622729e-01
1.350000	0.675000	4.2921387676e-02	2.3570094906e-01	4.5827638816e-01
1.353333	0.676667	4.3189326369e-02	2.3495219292e-01	4.5734112371e-01
1.356667	0.678333	4.3455202597e-02	2.3421713815e-01	4.5642012900e-01
1.360000	0.680000	4.3719036298e-02	2.3349545321e-01	4.5551310774e-01
1.363333	0.681667	4.3980847101e-02	2.3278681711e-01	4.5461977202e-01
1.366667	0.683333	4.4240654328e-02	2.3209091892e-01	4.5373984200e-01
1.370000	0.685000	4.4498477004e-02	2.3140745742e-01	4.5287304558e-01
1.373333	0.686667	4.4754333863e-02	2.3073614070e-01	4.5201911818e-01
1.376667	0.688333	4.5008243352e-02	2.3007668582e-01	4.5117780245e-01
1.380000	0.690000	4.5260223640e-02	2.2942881845e-01	4.5034884799e-01
1.383333	0.691667	4.5510292622e-02	2.2879227254e-01	4.4953201117e-01
1.386667	0.693333	4.5758467926e-02	2.2816679002e-01	4.4872705485e-01
1.390000	0.695000	4.6004766917e-02	2.2755212049e-01	4.4793374814e-01
1.393333	0.696667	4.6249206706e-02	2.2694802095e-01	4.4715186625e-01
1.396667	0.698333	4.6491804150e-02	2.2635425550e-01	4.4638119025e-01
1.400000	0.700000	4.6732575863e-02	2.2577059513e-01	4.4562150686e-01
1.403333	0.701667	4.6971538218e-02	2.2519681741e-01	4.4487260829e-01
1.406667	0.703333	4.7208707351e-02	2.2463270627e-01	4.4413429204e-01
1.410000	0.705000	4.7444099170e-02	2.2407805182e-01	4.4340636073e-01
1.413333	0.706667	4.7677729355e-02	2.2353265006e-01	4.4268862195e-01
1.416667	0.708333	4.7909613367e-02	2.2299630273e-01	4.4198088809e-01
1.420000	0.710000	4.8139766449e-02	2.2246881706e-01	4.4128297617e-01
1.423333	0.711667	4.8368203633e-02	2.2195000562e-01	4.4059470773e-01
1.426667	0.713333	4.8594939743e-02	2.2143968611e-01	4.3991590864e-01
1.430000	0.715000	4.8819989400e-02	2.2093768121e-01	4.3924640901e-01
1.433333	0.716667	4.9043367026e-02	2.2044381838e-01	4.3858604304e-01
1.436667	0.718333	4.9265086847e-02	2.1995792972e-01	4.3793464887e-01
1.440000	0.720000	4.9485162899e-02	2.1947985179e-01	4.3729206850e-01
1.443333	0.721667	4.9703609029e-02	2.1900942552e-01	4.3665814765e-01
1.446667	0.723333	4.9920438903e-02	2.1854649597e-01	4.3603273567e-01
1.450000	0.725000	5.0135666004e-02	2.1809091229e-01	4.3541568538e-01
1.453333	0.726667	5.0349303642e-02	2.1764252753e-01	4.3480685302e-01
1.456667	0.728333	5.0561364951e-02	2.1720119853e-01	4.3420609812e-01
1.460000	0.730000	5.0771862899e-02	2.1676678580e-01	4.3361328343e-01
1.463333	0.731667	5.0980810285e-02	2.1633915340e-01	4.3302827479e-01
1.466667	0.733333	5.1188219748e-02	2.1591816881e-01	4.3245094105e-01
1.470000	0.735000	5.1394103765e-02	2.1550370286e-01	4.3188115403e-01
1.473333	0.736667	5.1598474658e-02	2.1509562960e-01	4.3131878835e-01
1.476667	0.738333	5.1801344595e-02	2.1469382620e-01	4.3076372144e-01
1.480000	0.740000	5.2002725595e-02	2.1429817285e-01	4.3021583337e-01
1.483333	0.741667	5.2202629528e-02	2.1390855269e-01	4.2967500687e-01
1.486667	0.743333	5.2401068119e-02	2.1352485169e-01	4.2914112719e-01
1.490000	0.745000	5.2598052953e-02	2.1314695858e-01	4.2861408203e-01
1.493333	0.746667	5.2793595474e-02	2.1277476476e-01	4.2809376153e-01
1.496667	0.748333	5.2987706989e-02	2.1240816425e-01	4.2758005813e-01
1.500000	0.750000	5.3180398674e-02	2.1204705356e-01	4.2707286657e-01
1.503333	0.751667	5.3371681570e-02	2.1169133165e-01	4.2657208378e-01
1.506667	0.753333	5.3561566592e-02	2.1134089985e-01	4.2607760885e-01
1.510000	0.755000	5.3750064525e-02	2.1099566179e-01	4.2558934296e-01
1.513333	0.756667	5.3937186033e-02	2.1065552335e-01	4.2510718934e-01
1.516667	0.758333	5.4122941657e-02	2.1032039255e-01	4.2463105319e-01
1.520000	0.760000	5.4307341817e-02	2.0999017955e-01	4.2416084165e-01
1.523333	0.761667	5.4490396816e-02	2.0966479654e-01	4.2369646373e-01
1.526667	0.763333	5.4672116844e-02	2.0934415769e-01	4.2323783029e-01
1.530000	0.765000	5.4852511973e-02	2.0902817912e-01	4.2278485396e-01
1.533333	0.766667	5.5031592169e-02	2.0871677882e-01	4.2233744913e-01
1.536667	0.768333	5.5209367284e-02	2.0840987661e-01	4.2189553187e-01
1.540000	0.770000	5.5385847066e-02	2.0810739409e-01	4.2145901990e-01
1.543333	0.771667	5.5561041156e-02	2.0780925457e-01	4.2102783256e-01
1.546667	0.773333	5.5734959092e-02	2.0751538305e-01	4.2060189075e-01
1.550000	0.775000	5.5907610310e-02	2.0722570617e-01	4.2018111692e-01
1.553333	0.776667	5.6079004147e-02	2.0694015215e-01	4.1976543500e-01
1.556667	0.778333	5.6249149840e-02	2.0665865075e-01	4.1935477038e-01
1.560000	0.780000	5.6418056531e-02	2.0638113326e-01	4.1894904987e-01
1.563333	0.781667	5.6585733267e-02	2.0610753240e-01	4.1854820166e-01
1.566667	0.783333	5.6752189001e-02	2.0583778234e-01	4.1815215530e-01
1.570000	0.785000	5.6917432595e-02	2.0557181863e-01	4.1776084168e-01
1.573333	0.786667	5.7081472822e-02	2.0530957819e-01	4.1737419293e-01
1.576667	0.788333	5.7244318365e-02	2.0505099921e-01	4.1699214249e-01
1.580000	0.790000	5.7405977820e-02	2.0479602122e-01	4.1661462500e-01
1.583333	0.791667	5.7566459699e-02	2.0454458495e-01	4.1624157629e-01
1.586667	0.793333	5.7725772428e-02	2.0429663239e-01	4.1587293339e-01
1.590000	0.795000	5.7883924351e-02	2.0405210668e-01	4.1550863445e-01
1.593333	0.796667	5.8040923732e-02	2.0381095213e-01	4.1514861875e-01
1.596667	0.798333	5.8196778752e-02	2.0357311418e-01	4.1479282666e-01
1.600000	0.800000	5.8351497517e-02	2.0333853937e-01	4.1444119961e-01
1.603333	0.801667	5.8505088053e-02	2.0310717530e-01	4.1409368008e-01
1.606667	0.803333	5.8657558311e-02	2.0287897063e-01	4.1375021156e-01
1.610000	0.805000	5.8808916166e-02	2.0265387502e-01	4.1341073853e-01
1.613333	0.806667	5.8959169420e-02	2.0243183914e-01	4.1307520647e-01
1.616667	0.808333	5.9108325804e-02	2.0221281462e-01	4.1274356178e-01
1.620000	0.810000	5.9256392974e-02	2.0199675404e-01	4.1241575181e-01
1.623333	0.811667	5.9403378519e-02	2.0178361089e-01	4.1209172480e-01
1.626667	0.813333	5.9549289957e-02	2.0157333957e-01	4.1177142991e-01
1.630000	0.815000	5.9694134739e-02	2.0136589537e-01	4.1145481713e-01
1.633333	0.816667	5.9837920248e-02	2.0116123443e-01	4.1114183734e-01
1.636667	0.818333	5.9980653803e-02	2.0095931370e-01	4.1083244223e-01
1.640000	0.820000	6.0122342655e-02	2.0076009099e-01	4.1052658430e-01
1.643333	0.821667	6.0262993994e-02	2.0056352488e-01	4.1022421685e-01
1.646667	0.823333	6.0402614945e-02	2.0036957475e-01	4.0992529399e-01
1.650000	0.825000	6.0541212571e-02	2.0017820071e-01	4.0962977054e-01
1.653333	0.826667	6.0678793876e-02	1.9998936365e-01	4.0933760211e-01
1.656667	0.828333	6.0815365802e-02	1.9980302517e-01	4.0904874502e-01
1.660000	0.830000	6.0950935231e-02	1.9961914757e-01	4.0876315631e-01
1.663333	0.831667	6.1085508988e-02	1.9943769385e-01	4.0848079373e-01
1.666667	0.833333	6.1219093841e-02	1.9925862771e-01	4.0820161570e-01
1.670000	0.835000	6.1351696499e-02	1.9908191347e-01	4.0792558133e-01
1.673333	0.836667	6.1483323618e-02	1.9890751614e-01	4.0765265036e-01
1.676667	0.838333	6.1613981796e-02	1.9873540134e-01	4.0738278322e-01
1.680000	0.840000	6.1743677579e-02	1.9856553530e-01	4.0711594092e-01
1.683333	0.841667	6.1872417458e-02	1.9839788488e-01	4.0685208513e-01
1.686667	0.843333	6.2000207873e-02	1.9823241752e-01	4.0659117810e-01
1.690000	0.845000	6.2127055209e-02	1.9806910123e-01	4.0633318268e-01
1.693333	0.846667	6.2252965803e-02	1.9790790460e-01	4.0607806232e-01
1.696667	0.848333	6.2377945940e-02	1.9774879676e-01	4.0582578102e-01
1.700000	0.850000	6.2502001855e-02	1.9759174740e-01	4.0557630334e-01
1.703333	0.851667	6.2625139733e-02	1.9743672672e-01	4.0532959440e-01
1.706667	0.853333	6.2747365712e-02	1.9728370545e-01	4.0508561984e-01
1.710000	0.855000	6.2868685883e-02	1.9713265483e-01	4.0484434585e-01
1.713333	0.856667	6.2989106286e-02	1.9698354658e-01	4.0460573912e-01
1.716667	0.858333	6.3108632919e-02	1.9683635293e-01	4.0436976684e-01
1.720000	0.860000	6.3227271732e-02	1.9669104656e-01	4.0413639673e-01
1.723333	0.861667	6.3345028628e-02	1.9654760064e-01	4.0390559695e-01
1.726667	0.863333	6.3461909468e-02	1.9640598878e-01	4.0367733617e-01
1.730000	0.865000	6.3577920069e-02	1.9626618503e-01	4.0345158352e-01
1.733333	0.866667	6.3693066201e-02	1.9612816391e-01	4.0322830859e-01
1.736667	0.868333	6.3807353595e-02	1.9599190032e-01	4.0300748143e-01
1.740000	0.870000	6.3920787937e-02	1.9585736963e-01	4.0278907251e-01
1.743333	0.871667	6.4033374872e-02	1.9572454758e-01	4.0257305276e-01
1.746667	0.873333	6.4145120004e-02	1.9559341033e-01	4.0235939351e-01
1.750000	0.875000	6.4256028896e-02	1.9546393444e-01	4.0214806654e-01
1.753333	0.876667	6.4366107070e-02	1.9533609684e-01	4.0193904400e-01
1.756667	0.878333	6.4475360008e-02	1.9520987485e-01	4.0173229849e-01
1.760000	0.880000	6.4583793155e-02	1.9508524616e-01	4.0152780296e-01
1.763333	0.881667	6.4691411914e-02	1.9496218881e-01	4.0132553079e-01
1.766667	0.883333	6.4798221651e-02	1.9484068121e-01	4.0112545570e-01
1.770000	0.885000	6.4904227696e-02	1.9472070213e-01	4.0092755182e-01
1.773333	0.886667	6.5009435337e-02	1.9460223065e-01	4.0073179362e-01
1.776667	0.888333	6.5113849830e-02	1.9448524621e-01	4.0053815596e-01
1.780000	0.890000	6.5217476391e-02	1.9436972856e-01	4.0034661403e-01
1.783333	0.891667	6.5320320202e-02	1.9425565781e-01	4.0015714337e-01
1.786667	0.893333	6.5422386407e-02	1.9414301434e-01	3.9996971987e-01
1.790000	0.895000	6.5523680117e-02	1.9403177886e-01	3.9978431976e-01
1.793333	0.896667	6.5624206406e-02	1.9392193239e-01	3.9960091959e-01
1.796667	0.898333	6.5723970316e-02	1.9381345624e-01	3.9941949625e-01
1.800000	0.900000	6.5822976853e-02	1.9370633202e-01	3.9924002691e-01
1.803333	0.901667	6.5921230990e-02	1.9360054162e-01	3.9906248911e-01
1.806667	0.903333	6.6018737667e-02	1.9349606721e-01	3.9888686065e-01
1.810000	0.905000	6.6115501789e-02	1.9339289124e-01	3.9871311966e-01
1.813333	0.906667	6.6211528232e-02	1.9329099643e-01	3.9854124454e-01
1.816667	0.908333	6.6306821836e-02	1.9319036576e-01	3.9837121402e-01
1.820000	0.910000	6.6401387411e-02	1.9309098249e-01	3.9820300709e-01
1.823333	0.911667	6.6495229737e-02	1.9299283012e-01	3.9803660302e-01
1.826667	0.913333	6.6588353559e-02	1.9289589240e-01	3.9787198137e-01
1.830000	0.915000	6.6680763595e-02	1.9280015333e-01	3.9770912197e-01
1.833333	0.916667	6.6772464529e-02	1.9270559716e-01	3.9754800492e-01
1.836667	0.918333	6.6863461018e-02	1.9261220836e-01	3.9738861057e-01
1.840000	0.920000	6.6953757687e-02	1.9251997166e-01	3.9723091956e-01
1.843333	0.921667	6.7043359132e-02	1.9242887199e-01	3.9707491274e-01
1.846667	0.923333	6.7132269919e-02	1.9233889453e-01	3.9692057125e-01
1.850000	0.925000	6.7220494587e-02	1.9225002466e-01	3.9676787646e-01
1.853333	0.926667	6.7308037644e-02	1.9216224798e-01	3.9661680999e-01
1.856667	0.928333	6.7394903571e-02	1.9207555033e-01	3.9646735368e-01
1.860000	0.930000	6.7481096820e-02	1.9198991772e-01	3.9631948963e-01
1.863333	0.931667	6.7566621816e-02	1.9190533640e-01	3.9617320015e-01
1.866667	0.933333	6.7651482955e-02	1.9182179279e-01	3.9602846779e-01
1.870000	0.935000	6.7735684608e-02	1.9173927354e-01	3.9588527533e-01
1.873333	0.936667	6.7819231117e-02	1.9165776547e-01	3.9574360575e-01
1.876667	0.938333	6.7902126797e-02	1.9157725560e-01	3.9560344226e-01
1.880000	0.940000	6.7984375939e-02	1.9149773114e-01	3.9546476827e-01
1.883333	0.941667	6.8065982804e-02	1.9141917949e-01	3.9532756743e-01
1.886667	0.943333	6.8146951630e-02	1.9134158822e-01	3.9519182355e-01
1.890000	0.945000	6.8227286629e-02	1.9126494508e-01	3.9505752070e-01
1.893333	0.946667	6.8306991984e-02	1.9118923801e-01	3.9492464309e-01
1.896667	0.948333	6.8386071858e-02	1.9111445511e-01	3.9479317517e-01
1.900000	0.950000	6.8464530383e-02	1.9104058465e-01	3.9466310157e-01
1.903333	0.951667	6.8542371672e-02	1.9096761506e-01	3.9453440710e-01
1.906667	0.953333	6.8619599809e-02	1.9089553495e-01	3.9440707679e-01
1.910000	0.955000	6.8696218856e-02	1.9082433309e-01	3.9428109581e-01
1.913333	0.956667	6.8772232848e-02	1.9075399838e-01	3.9415644955e-01
1.916667	0.958333	6.8847645800e-02	1.9068451992e-01	3.9403312356e-01
1.920000	0.960000	6.8922461700e-02	1.9061588692e-01	3.9391110357e-01
1.923333	0.961667	6.8996684512e-02	1.9054808878e-01	3.9379037548e-01
1.926667	0.963333	6.9070318180e-02	1.9048111501e-01	3.9367092538e-01
1.930000	0.965000	6.9143366622e-02	1.9041495530e-01	3.9355273951e-01
1.933333	0.966667	6.9215833733e-02	1.9034959946e-01	3.9343580428e-01
1.936667	0.968333	6.9287723386e-02	1.9028503744e-01	3.9332010627e-01
1.940000	0.970000	6.9359039432e-02	1.9022125936e-01	3.9320563222e-01
1.943333	0.971667	6.9429785698e-02	1.9015825542e-01	3.9309236901e-01
1.946667	0.973333	6.9499965989e-02	1.9009601602e-01	3.9298030370e-01
1.950000	0.975000	6.9569584088e-02	1.9003453164e-01	3.9286942351e-01
1.953333	0.976667	6.9638643758e-02	1.8997379290e-01	3.9275971578e-01
1.956667	0.978333	6.9707148737e-02	1.8991379058e-01	3.9265116803e-01
1.960000	0.980000	6.9775102743e-02	1.8985451555e-01	3.9254376791e-01
1.963333	0.981667	6.9842509473e-02	1.8979595882e-01	3.9243750323e-01
1.966667	0.983333	6.9909372602e-02	1.8973811150e-01	3.9233236192e-01
1.970000	0.985000	6.9975695784e-02	1.8968096486e-01	3.9222833209e-01
1.973333	0.986667	7.0041482652e-02	1.8962451025e-01	3.9212540195e-01
1.976667	0.988333	7.0106736819e-02	1.8956873916e-01	3.9202355986e-01
1.980000	0.990000	7.0171461875e-02	1.8951364317e-01	3.9192279433e-01
1.983333	0.991667	7.0235661393e-02	1.8945921400e-01	3.9182309398e-01
1.986667	0.993333	7.0299338922e-02	1.8940544347e-01	3.9172444759e-01
1.990000	0.995000	7.0362497994e-02	1.8935232350e-01	3.9162684404e-01
1.993333	0.996667	7.0425142119e-02	1.8929984612e-01	3.9153027235e-01
1.996667	0.998333	7.0487274787e-02	1.8924800347e-01	3.9143472168e-01
2.000000	1.000000	7.0548899470e-02	1.8919678780e-01	3.9134018129e-01
2.003333	1.001667	7.0610019618e-02	1.8914619146e-01	3.9124664058e-01
2.006667	1.003333	7.0670638663e-02	1.8909620688e-01	3.9115408906e-01
2.010000	1.005000	7.0730760018e-02	1.8904682661e-01	3.9106251637e-01
2.013333	1.006667	7.0790387074e-02	1.8899804330e-01	3.9097191227e-01
2.016667	1.008333	7.0849523207e-02	1.8894984968e-01	3.9088226661e-01
2.020000	1.010000	7.0908171771e-02	1.8890223860e-01	3.9079356938e-01
2.023333	1.011667	7.0966336101e-02	1.8885520297e-01	3.9070581068e-01
2.026667	1.013333	7.1024019516e-02	1.8880873581e-01	3.9061898071e-01
2.030000	1.015000	7.1081225313e-02	1.8876283024e-01	3.9053306979e-01
2.033333	1.016667	7.1137956772e-02	1.8871747945e-01	3.9044806835e-01
2.036667	1.018333	7.1194217157e-02	1.8867267673e-01	3.9036396692e-01
2.040000	1.020000	7.1250009708e-02	1.8862841545e-01	3.9028075612e-01
2.043333	1.021667	7.1305337653e-02	1.8858468908e-01	3.9019842672e-01
2.046667	1.023333	7.1360204198e-02	1.8854149115e-01	3.9011696954e-01
2.050000	1.025000	7.1414612533e-02	1.8849881528e-01	3.9003637554e-01
2.053333	1.026667	7.1468565828e-02	1.8845665519e-01	3.8995663576e-01
2.056667	1.028333	7.1522067238e-02	1.8841500467e-01	3.8987774135e-01
2.060000	1.030000	7.1575119898e-02	1.8837385757e-01	3.8979968354e-01
2.063333	1.031667	7.1627726927e-02	1.8833320784e-01	3.8972245367e-01
2.066667	1.033333	7.1679891426e-02	1.8829304951e-01	3.8964604319e-01
2.070000	1.035000	7.1731616479e-02	1.8825337666e-01	3.8957044360e-01
2.073333	1.036667	7.1782905153e-02	1.8821418348e-01	3.8949564653e-01
2.076667	1.038333	7.1833760496e-02	1.8817546420e-01	3.8942164370e-01
2.080000	1.040000	7.1884185542e-02	1.8813721315e-01	3.8934842689e-01
2.083333	1.041667	7.1934183306e-02	1.8809942471e-01	3.8927598800e-01
2.086667	1.043333	7.1983756787e-02	1.8806209335e-01	3.8920431901e-01
2.090000	1.045000	7.2032908966e-02	1.8802521358e-01	3.8913341197e-01
2.093333	1.046667	7.2081642809e-02	1.8798878002e-01	3.8906325905e-01
2.096667	1.048333	7.2129961265e-02	1.8795278732e-01	3.8899385246e-01
2.100000	1.050000	7.2177867267e-02	1.8791723021e-01	3.8892518452e-01
2.103333	1.051667	7.2225363729e-02	1.8788210350e-01	3.8885724765e-01
2.106667	1.053333	7.2272453552e-02	1.8784740205e-01	3.8879003430e-01
2.110000	1.055000	7.2319139620e-02	1.8781312077e-01	3.8872353705e-01
2.113333	1.056667	7.2365424799e-02	1.8777925467e-01	3.8865774854e-01
2.116667	1.058333	7.2411311941e-02	1.8774579879e-01	3.8859266148e-01
2.120000	1.060000	7.2456803881e-02	1.8771274824e-01	3.8852826866e-01
2.123333	1.061667	7.2501903440e-02	1.8768009819e-01	3.8846456297e-01
2.126667	1.063333	7.2546613420e-02	1.8764784389e-01	3.8840153734e-01
2.130000	1.065000	7.2590936610e-02	1.8761598061e-01	3.8833918480e-01
2.133333	1.066667	7.2634875783e-02	1.8758450371e-01	3.8827749845e-01
2.136667	1.068333	7.2678433695e-02	1.8755340859e-01	3.8821647145e-01
2.140000	1.070000	7.2721613087e-02	1.8752269071e-01	3.8815609704e-01
2.143333	1.071667	7.2764416686e-02	1.8749234560e-01	3.8809636853e-01
2.146667	1.073333	7.2806847203e-02	1.8746236882e-01	3.8803727930e-01
2.150000	1.075000	7.2848907333e-02	1.8743275599e-01	3.8797882281e-01
2.153333	1.076667	7.2890599756e-02	1.8740350281e-01	3.8792099258e-01
2.156667	1.078333	7.2931927138e-02	1.8737460500e-01	3.8786378218e-01
2.160000	1.080000	7.2972892129e-02	1.8734605834e-01	3.8780718527e-01
2.163333	1.081667	7.3013497364e-02	1.8731785867e-01	3.8775119558e-01
2.166667	1.083333	7.3053745464e-02	1.8729000188e-01	3.8769580688e-01
2.170000	1.085000	7.3093639034e-02	1.8726248390e-01	3.8764101302e-01
2.173333	1.086667	7.3133180665e-02	1.8723530071e-01	3.8758680793e-01
2.176667	1.088333	7.3172372934e-02	1.8720844835e-01	3.8753318556e-01
2.180000	1.090000	7.3211218403e-02	1.8718192291e-01	3.8748013997e-01
2.183333	1.091667	7.3249719617e-02	1.8715572050e-01	3.8742766524e-01
2.186667	1.093333	7.3287879110e-02	1.8712983730e-01	3.8737575555e-01
2.190000	1.095000	7.3325699401e-02	1.8710426954e-01	3.8732440511e-01
2.193333	1.096667	7.3363182992e-02	1.8707901347e-01	3.8727360819e-01
2.196667	1.098333	7.3400332375e-02	1.8705406542e-01	3.8722335915e-01
2.200000	1.100000	7.3437150023e-02	1.8702942173e-01	3.8717365236e-01
2.203333	1.101667	7.3473638399e-02	1.8700507881e-01	3.8712448230e-01
2.206667	1.103333	7.3509799950e-02	1.8698103310e-01	3.8707584346e-01
2.210000	1.105000	7.3545637109e-02	1.8695728107e-01	3.8702773042e-01
2.213333	1.106667	7.3581152295e-02	1.8693381927e-01	3.8698013779e-01
2.216667	1.108333	7.3616347913e-02	1.8691064425e-01	3.8693306026e-01
2.220000	1.110000	7.3651226356e-02	1.8688775262e-01	3.8688649255e-01
2.223333	1.111667	7.3685790001e-02	1.8686514103e-01	3.8684042944e-01
2.226667	1.113333	7.3720041212e-02	1.8684280618e-01	3.8679486578e-01
2.230000	1.115000	7.3753982339e-02	1.8682074478e-01	3.8674979646e-01
2.233333	1.116667	7.3787615719e-02	1.8679895361e-01	3.8670521641e-01
2.236667	1.118333	7.3820943676e-02	1.8677742948e-01	3.8666112063e-01
2.240000	1.120000	7.3853968519e-02	1.8675616922e-01	3.8661750416e-01
2.243333	1.121667	7.3886692545e-02	1.8673516971e-01	3.8657436209e-01
2.246667	1.123333	7.3919118037e-02	1.8671442788e-01	3.8653168957e-01
2.250000	1.125000	7.3951247264e-02	1.8669394067e-01	3.8648948179e-01
2.253333	1.126667	7.3983082483e-02	1.8667370507e-01	3.8644773399e-01
2.256667	1.128333	7.4014625937e-02	1.8665371812e-01	3.8640644145e-01
2.260000	1.130000	7.4045879856e-02	1.8663397687e-01	3.8636559952e-01
2.263333	1.131667	7.4076846458e-02	1.8661447842e-01	3.8632520357e-01
2.266667	1.133333	7.4107527947e-02	1.8659521989e-01	3.8628524904e-01
2.270000	1.135000	7.4137926512e-02	1.8657619844e-01	3.8624573139e-01
2.273333	1.136667	7.4168044334e-02	1.8655741128e-01	3.8620664614e-01
2.276667	1.138333	7.4197883576e-02	1.8653885564e-01	3.8616798887e-01
2.280000	1.140000	7.4227446391e-02	1.8652052876e-01	3.8612975518e-01
2.283333	1.141667	7.4256734919e-02	1.8650242796e-01	3.8609194072e-01
2.286667	1.143333	7.4285751288e-02	1.8648455054e-01	3.8605454119e-01
2.290000	1.145000	7.4314497610e-02	1.8646689388e-01	3.8601755233e-01
2.293333	1.146667	7.4342975988e-02	1.8644945535e-01	3.8598096991e-01
2.296667	1.148333	7.4371188511e-02	1.8643223238e-01	3.8594478977e-01
2.300000	1.150000	7.4399137256e-02	1.8641522241e-01	3.8590900777e-01
2.303333	1.151667	7.4426824287e-02	1.8639842293e-01	3.8587361981e-01
2.306667	1.153333	7.4454251655e-02	1.8638183143e-01	3.8583862184e-01
2.310000	1.155000	7.4481421400e-02	1.8636544545e-01	3.8580400986e-01
2.313333	1.156667	7.4508335550e-02	1.8634926257e-01	3.8576977987e-01
2.316667	1.158333	7.4534996118e-02	1.8633328036e-01	3.8573592796e-01
2.320000	1.160000	7.4561405108e-02	1.8631749647e-01	3.8570245023e-01
2.323333	1.161667	7.4587564511e-02	1.8630190853e-01	3.8566934282e-01
2.326667	1.163333	7.4613476303e-02	1.8628651421e-01	3.8563660191e-01
2.330000	1.165000	7.4639142453e-02	1.8627131124e-01	3.8560422373e-01
2.333333	1.166667	7.4664564915e-02	1.8625629733e-01	3.8557220453e-01
2.336667	1.168333	7.4689745630e-02	1.8624147024e-01	3.8554054061e-01
2.340000	1.170000	7.4714686529e-02	1.8622682775e-01	3.8550922829e-01
2.343333	1.171667	7.4739389531e-02	1.8621236768e-01	3.8547826395e-01
2.346667	1.173333	7.4763856542e-02	1.8619808785e-01	3.8544764399e-01
2.350000	1.175000	7.4788089458e-02	1.8618398613e-01	3.8541736485e-01
2.353333	1.176667	7.4812090163e-02	1.8617006040e-01	3.8538742300e-01
2.356667	1.178333	7.4835860526e-02	1.8615630856e-01	3.8535781495e-01
2.360000	1.180000	7.4859402410e-02	1.8614272856e-01	3.8532853724e-01
2.363333	1.181667	7.4882717661e-02	1.8612931834e-01	3.8529958645e-01
2.366667	1.183333	7.4905808118e-02	1.8611607589e-01	3.8527095920e-01
2.370000	1.185000	7.4928675605e-02	1.8610299921e-01	3.8524265212e-01
2.373333	1.186667	7.4951321936e-02	1.8609008632e-01	3.8521466190e-01
2.376667	1.188333	7.4973748914e-02	1.8607733528e-01	3.8518698525e-01
2.380000	1.190000	7.4995958331e-02	1.8606474416e-01	3.8515961890e-01
2.383333	1.191667	7.5017951966e-02	1.8605231105e-01	3.8513255963e-01
2.386667	1.193333	7.5039731588e-02	1.8604003408e-01	3.8510580425e-01
2.390000	1.195000	7.5061298954e-02	1.8602791136e-01	3.8507934960e-01
2.393333	1.196667	7.5082655811e-02	1.8601594108e-01	3.8505319255e-01
2.396667	1.198333	7.5103803894e-02	1.8600412140e-01	3.8502732999e-01
2.400000	1.200000	7.5124744927e-02	1.8599245053e-01	3.8500175885e-01
2.403333	1.201667	7.5145480623e-02	1.8598092669e-01	3.8497647610e-01
2.406667	1.203333	7.5166012685e-02	1.8596954812e-01	3.8495147873e-01
2.410000	1.205000	7.5186342803e-02	1.8595831309e-01	3.8492676375e-01
2.413333	1.206667	7.5206472658e-02	1.8594721989e-01	3.8490232823e-01
2.416667	1.208333	7.5226403919e-02	1.8593626680e-01	3.8487816922e-01
2.420000	1.210000	7.5246138246e-02	1.8592545217e-01	3.8485428384e-01
2.423333	1.211667	7.5265677285e-02	1.8591477432e-01	3.8483066924e-01
2.426667	1.213333	7.5285022675e-02	1.8590423162e-01	3.8480732256e-01
2.430000	1.215000	7.5304176041e-02	1.8589382246e-01	3.8478424100e-01
2.433333	1.216667	7.5323139000e-02	1.8588354522e-01	3.8476142178e-01
2.436667	1.218333	7.5341913156e-02	1.8587339833e-01	3.8473886215e-01
2.440000	1.220000	7.5360500106e-02	1.8586338022e-01	3.8471655937e-01
2.443333	1.221667	7.5378901432e-02	1.8585348935e-01	3.8469451076e-01
2.446667	1.223333	7.5397118709e-02	1.8584372418e-01	3.8467271364e-01
2.450000	1.225000	7.5415153500e-02	1.8583408321e-01	3.8465116535e-01
2.453333	1.226667	7.5433007359e-02	1.8582456494e-01	3.8462986328e-01
2.456667	1.228333	7.5450681828e-02	1.8581516789e-01	3.8460880483e-01
2.460000	1.230000	7.5468178439e-02	1.8580589062e-01	3.8458798744e-01
2.463333	1.231667	7.5485498715e-02	1.8579673166e-01	3.8456740856e-01
2.466667	1.233333	7.5502644169e-02	1.8578768960e-01	3.8454706566e-01
2.470000	1.235000	7.5519616301e-02	1.8577876304e-01	3.8452695626e-01
2.473333	1.236667	7.5536416604e-02	1.8576995056e-01	3.8450707789e-01
2.476667	1.238333	7.5553046559e-02	1.8576125081e-01	3.8448742809e-01
2.480000	1.240000	7.5569507639e-02	1.8575266241e-01	3.8446800445e-01
2.483333	1.241667	7.5585801305e-02	1.8574418402e-01	3.8444880456e-01
2.486667	1.243333	7.5601929009e-02	1.8573581431e-01	3.8442982606e-01
2.490000	1.245000	7.5617892193e-02	1.8572755197e-01	3.8441106660e-01
2.493333	1.246667	7.5633692289e-02	1.8571939569e-01	3.8439252384e-01
2.496667	1.248333	7.5649330720e-02	1.8571134420e-01	3.8437419548e-01
2.500000	1.250000	7.5664808898e-02	1.8570339622e-01	3.8435607924e-01
2.503333	1.251667	7.5680128226e-02	1.8569555049e-01	3.8433817285e-01
2.506667	1.253333	7.5695290097e-02	1.8568780578e-01	3.8432047409e-01
2.510000	1.255000	7.5710295896e-02	1.8568016087e-01	3.8430298073e-01
2.513333	1.256667	7.5725146995e-02	1.8567261453e-01	3.8428569059e-01
2.516667	1.258333	7.5739844760e-02	1.8566516557e-01	3.8426860148e-01
2.520000	1.260000	7.5754390545e-02	1.8565781280e-01	3.8425171127e-01
2.523333	1.261667	7.5768785696e-02	1.8565055506e-01	3.8423501781e-01
2.526667	1.263333	7.5783031549e-02	1.8564339119e-01	3.8421851901e-01
2.530000	1.265000	7.5797129432e-02	1.8563632004e-01	3.8420221277e-01
2.533333	1.266667	7.5811080660e-02	1.8562934049e-01	3.8418609703e-01
2.536667	1.268333	7.5824886543e-02	1.8562245141e-01	3.8417016974e-01
2.540000	1.270000	7.5838548379e-02	1.8561565171e-01	3.8415442888e-01
2.543333	1.271667	7.5852067459e-02	1.8560894028e-01	3.8413887243e-01
2.546667	1.273333	7.5865445062e-02	1.8560231606e-01	3.8412349842e-01
2.550000	1.275000	7.5878682460e-02	1.8559577797e-01	3.8410830488e-01
2.553333	1.276667	7.5891780916e-02	1.8558932496e-01	3.8409328986e-01
2.556667	1.278333	7.5904741682e-02	1.8558295599e-01	3.8407845143e-01
2.560000	1.280000	7.5917566003e-02	1.8557667003e-01	3.8406378768e-01
2.563333	1.281667	7.5930255115e-02	1.8557046606e-01	3.8404929673e-01
2.566667	1.283333	7.5942810244e-02	1.8556434308e-01	3.8403497670e-01
2.570000	1.285000	7.5955232608e-02	1.8555830008e-01	3.8402082575e-01
2.573333	1.286667	7.5967523414e-02	1.8555233609e-01	3.8400684203e-01
2.576667	1.288333	7.5979683865e-02	1.8554645014e-01	3.8399302373e-01
2.580000	1.290000	7.5991715150e-02	1.8554064126e-01	3.8397936906e-01
2.583333	1.291667	7.6003618452e-02	1.8553490851e-01	3.8396587624e-01
2.586667	1.293333	7.6015394946e-02	1.8552925094e-01	3.8395254349e-01
2.590000	1.295000	7.6027045796e-02	1.8552366764e-01	3.8393936909e-01
2.593333	1.296667	7.6038572160e-02	1.8551815768e-01	3.8392635130e-01
2.596667	1.298333	7.6049975185e-02	1.8551272016e-01	3.8391348841e-01
2.600000	1.300000	7.6061256012e-02	1.8550735419e-01	3.8390077873e-01
2.603333	1.301667	7.6072415771e-02	1.8550205887e-01	3.8388822058e-01
2.606667	1.303333	7.6083455586e-02	1.8549683334e-01	3.8387581231e-01
2.610000	1.305000	7.6094376571e-02	1.8549167673e-01	3.8386355227e-01
2.613333	1.306667	7.6105179832e-02	1.8548658819e-01	3.8385143884e-01
2.616667	1.308333	7.6115866468e-02	1.8548156686e-01	3.8383947041e-01
2.620000	1.310000	7.6126437567e-02	1.8547661193e-01	3.8382764538e-01
2.623333	1.311667	7.6136894212e-02	1.8547172256e-01	3.8381596218e-01
2.626667	1.313333	7.6147237476e-02	1.8546689793e-01	3.8380441925e-01
2.630000	1.315000	7.6157468424e-02	1.8546213725e-01	3.8379301503e-01
2.633333	1.316667	7.6167588113e-02	1.8545743972e-01	3.8378174800e-01
2.636667	1.318333	7.6177597592e-02	1.8545280455e-01	3.8377061665e-01
2.640000	1.320000	7.6187497903e-02	1.8544823096e-01	3.8375961947e-01
2.643333	1.321667	7.6197290078e-02	1.8544371818e-01	3.8374875498e-01
2.646667	1.323333	7.6206975144e-02	1.8543926546e-01	3.8373802171e-01
2.650000	1.325000	7.6216554116e-02	1.8543487205e-01	3.8372741820e-01
2.653333	1.326667	7.6226028006e-02	1.8543053719e-01	3.8371694302e-01
2.656667	1.328333	7.6235397815e-02	1.8542626017e-01	3.8370659475e-01
2.660000	1.330000	7.6244664536e-02	1.8542204025e-01	3.8369637196e-01
2.663333	1.331667	7.6253829157e-02	1.8541787673e-01	3.8368627326e-01
2.666667	1.333333	7.6262892655e-02	1.8541376888e-01	3.8367629727e-01
2.670000	1.335000	7.6271856002e-02	1.8540971602e-01	3.8366644262e-01
2.673333	1.336667	7.6280720162e-02	1.8540571745e-01	3.8365670796e-01
2.676667	1.338333	7.6289486091e-02	1.8540177250e-01	3.8364709194e-01
2.680000	1.340000	7.6298154736e-02	1.8539788047e-01	3.8363759324e-01
2.683333	1.341667	7.6306727039e-02	1.8539404072e-01	3.8362821055e-01
2.686667	1.343333	7.6315203933e-02	1.8539025258e-01	3.8361894256e-01
2.690000	1.345000	7.6323586345e-02	1.8538651539e-01	3.8360978798e-01
2.693333	1.346667	7.6331875193e-02	1.8538282853e-01	3.8360074555e-01
2.696667	1.348333	7.6340071389e-02	1.8537919134e-01	3.8359181400e-01
2.700000	1.350000	7.6348175838e-02	1.8537560320e-01	3.8358299208e-01
2.703333	1.351667	7.6356189436e-02	1.8537206350e-01	3.8357427856e-01
2.706667	1.353333	7.6364113073e-02	1.8536857161e-01	3.8356567221e-01
2.710000	1.355000	7.6371947632e-02	1.8536512693e-01	3.8355717183e-01
2.713333	1.356667	7.6379693989e-02	1.8536172887e-01	3.8354877621e-01
2.716667	1.358333	7.6387353012e-02	1.8535837683e-01	3.8354048418e-01
2.720000	1.360000	7.6394925563e-02	1.8535507022e-01	3.8353229455e-01
2.723333	1.361667	7.6402412497e-02	1.8535180847e-01	3.8352420617e-01
2.726667	1.363333	7.6409814660e-02	1.8534859101e-01	3.8351621789e-01
2.730000	1.365000	7.6417132895e-02	1.8534541727e-01	3.8350832857e-01
2.733333	1.366667	7.6424368034e-02	1.8534228670e-01	3.8350053708e-01
2.736667	1.368333	7.6431520905e-02	1.8533919874e-01	3.8349284232e-01
2.740000	1.370000	7.6438592328e-02	1.8533615285e-01	3.8348524317e-01
2.743333	1.371667	7.6445583117e-02	1.8533314849e-01	3.8347773854e-01
2.746667	1.373333	7.6452494079e-02	1.8533018514e-01	3.8347032737e-01
2.750000	1.375000	7.6459326013e-02	1.8532726226e-01	3.8346300857e-01
2.753333	1.376667	7.6466079714e-02	1.8532437934e-01	3.8345578109e-01
2.756667	1.378333	7.6472755967e-02	1.8532153587e-01	3.8344864389e-01
2.760000	1.380000	7.6479355555e-02	1.8531873133e-01	3.8344159592e-01
2.763333	1.381667	7.6485879250e-02	1.8531596524e-01	3.8343463616e-01
2.766667	1.383333	7.6492327821e-02	1.8531323709e-01	3.8342776361e-01
2.770000	1.385000	7.6498702027e-02	1.8531054639e-01	3.8342097725e-01
2.773333	1.386667	7.6505002624e-02	1.8530789267e-01	3.8341427609e-01
2.776667	1.388333	7.6511230361e-02	1.8530527544e-01	3.8340765915e-01
2.780000	1.390000	7.6517385978e-02	1.8530269425e-01	3.8340112545e-01
2.783333	1.391667	7.6523470212e-02	1.8530014861e-01	3.8339467404e-01
2.786667	1.393333	7.6529483793e-02	1.8529763807e-01	3.8338830396e-01
2.790000	1.395000	7.6535427443e-02	1.8529516218e-01	3.8338201427e-01
2.793333	1.396667	7.6541301879e-02	1.8529272049e-01	3.8337580404e-01
2.796667	1.398333	7.6547107813e-02	1.8529031256e-01	3.8336967234e-01
2.800000	1.400000	7.6552845949e-02	1.8528793794e-01	3.8336361826e-01
2.803333	1.401667	7.6558516986e-02	1.8528559621e-01	3.8335764090e-01
2.806667	1.403333	7.6564121618e-02	1.8528328694e-01	3.8335173937e-01
2.810000	1.405000	7.6569660530e-02	1.8528100970e-01	3.8334591277e-01
2.813333	1.406667	7.6575134405e-02	1.8527876408e-01	3.8334016024e-01
2.816667	1.408333	7.6580543916e-02	1.8527654967e-01	3.8333448091e-01
2.820000	1.410000	7.6585889733e-02	1.8527436606e-01	3.8332887392e-01
2.823333	1.411667	7.6591172519e-02	1.8527221284e-01	3.8332333842e-01
2.826667	1.413333	7.6596392933e-02	1.8527008963e-01	3.8331787358e-01
2.830000	1.415000	7.6601551625e-02	1.8526799603e-01	3.8331247857e-01
2.833333	1.416667	7.6606649242e-02	1.8526593165e-01	3.8330715257e-01
2.836667	1.418333	7.6611686425e-02	1.8526389610e-01	3.8330189476e-01
2.840000	1.420000	7.6616663807e-02	1.8526188902e-01	3.8329670434e-01
2.843333	1.421667	7.6621582019e-02	1.8525991002e-01	3.8329158052e-01
2.846667	1.423333	7.6626441684e-02	1.8525795875e-01	3.8328652250e-01
2.850000	1.425000	7.6631243419e-02	1.8525603482e-01	3.8328152952e-01
2.853333	1.426667	7.6635987838e-02	1.8525413789e-01	3.8327660081e-01
2.856667	1.428333	7.6640675548e-02	1.8525226760e-01	3.8327173559e-01
2.860000	1.430000	7.6645307151e-02	1.8525042360e-01	3.8326693312e-01
2.863333	1.431667	7.6649883242e-02	1.8524860554e-01	3.8326219266e-01
2.866667	1.433333	7.6654404413e-02	1.8524681307e-01	3.8325751346e-01
2.870000	1.435000	7.6658871250e-02	1.8524504587e-01	3.8325289480e-01
2.873333	1.436667	7.6663284333e-02	1.8524330359e-01	3.8324833596e-01
2.876667	1.438333	7.6667644237e-02	1.8524158591e-01	3.8324383622e-01
2.880000	1.440000	7.6671951532e-02	1.8523989249e-01	3.8323939487e-01
2.883333	1.441667	7.6676206783e-02	1.8523822303e-01	3.8323501123e-01
2.886667	1.443333	7.6680410550e-02	1.8523657719e-01	3.8323068460e-01
2.890000	1.445000	7.6684563387e-02	1.8523495467e-01	3.8322641429e-01
2.893333	1.446667	7.6688665844e-02	1.8523335516e-01	3.8322219963e-01
2.896667	1.448333	7.6692718465e-02	1.8523177835e-01	3.8321803995e-01
2.900000	1.450000	7.6696721790e-02	1.8523022393e-01	3.8321393459e-01
2.903333	1.451667	7.6700676353e-02	1.8522869162e-01	3.8320988290e-01
2.906667	1.453333	7.6704582684e-02	1.8522718110e-01	3.8320588424e-01
2.910000	1.455000	7.6708441308e-02	1.8522569210e-01	3.8320193795e-01
2.913333	1.456667	7.6712252745e-02	1.8522422432e-01	3.8319804341e-01
2.916667	1.458333	7.6716017509e-02	1.8522277748e-01	3.8319420000e-01
2.920000	1.460000	7.6719736111e-02	1.8522135131e-01	3.8319040709e-01
2.923333	1.461667	7.6723409057e-02	1.8521994551e-01	3.8318666407e-01
2.926667	1.463333	7.6727036846e-02	1.8521855983e-01	3.8318297034e-01
2.930000	1.465000	7.6730619977e-02	1.8521719398e-01	3.8317932530e-01
2.933333	1.466667	7.6734158939e-02	1.8521584771e-01	3.8317572836e-01
2.936667	1.468333	7.6737654220e-02	1.8521452074e-01	3.8317217893e-01
2.940000	1.470000	7.6741106302e-02	1.8521321282e-01	3.8316867643e-01
2.943333	1.471667	7.6744515662e-02	1.8521192370e-01	3.8316522029e-01
2.946667	1.473333	7.6747882775e-02	1.8521065311e-01	3.8316180994e-01
2.950000	1.475000	7.6751208108e-02	1.8520940081e-01	3.8315844483e-01
2.953333	1.476667	7.6754492126e-02	1.8520816655e-01	3.8315512439e-01
2.956667	1.478333	7.6757735289e-02	1.8520695008e-01	3.8315184810e-01
2.960000	1.480000	7.6760938053e-02	1.8520575118e-01	3.8314861539e-01
2.963333	1.481667	7.6764100867e-02	1.8520456958e-01	3.8314542573e-01
2.966667	1.483333	7.6767224180e-02	1.8520340507e-01	3.8314227861e-01
2.970000	1.485000	7.6770308434e-02	1.8520225741e-01	3.8313917348e-01
2.973333	1.486667	7.6773354067e-02	1.8520112637e-01	3.8313610984e-01
2.976667	1.488333	7.6776361512e-02	1.8520001173e-01	3.8313308718e-01
2.980000	1.490000	7.6779331201e-02	1.8519891325e-01	3.8313010498e-01
2.983333	1.491667	7.6782263558e-02	1.8519783073e-01	3.8312716274e-01
2.986667	1.493333	7.6785159005e-02	1.8519676393e-01	3.8312425998e-01
2.990000	1.495000	7.6788017960e-02	1.8519571266e-01	3.8312139620e-01
2.993333	1.496667	7.6790840835e-02	1.8519467669e-01	3.8311857092e-01
2.996667	1.498333	7.6793628041e-02	1.8519365582e-01	3.8311578366e-01
3.000000	1.500000	7.6796379982e-02	1.8519264983e-01	3.8311303394e-01
