#S1	S2	MSE
0.00	0.00	1.0000000000e+00
0.00	0.10	1.0000000000e+00
0.00	0.20	1.0000000000e+00
0.00	0.30	1.0000000000e+00
0.00	0.40	1.0000000000e+00
0.00	0.50	1.0000000000e+00
0.00	0.60	1.0000000000e+00
0.00	0.70	1.0000000000e+00
0.00	0.80	1.0000000000e+00
0.00	0.90	1.0000000000e+00
0.00	1.00	1.0000000000e+00
0.00	1.10	1.0000000000e+00
0.00	1.20	1.0000000000e+00
0.00	1.30	1.0000000000e+00
0.00	1.40	1.0000000000e+00
0.00	1.50	1.0000000000e+00
0.00	1.60	1.0000000000e+00
0.00	1.70	1.0000000000e+00
0.00	1.80	1.0000000000e+00
0.00	1.90	1.0000000000e+00
0.00	2.00	1.0000000000e+00
0.00	2.10	1.0000000000e+00
0.00	2.20	1.0000000000e+00
0.00	2.30	1.0000000000e+00
0.00	2.40	1.0000000000e+00
0.00	2.50	1.0000000000e+00
0.00	2.60	1.0000000000e+00
0.00	2.70	1.0000000000e+00
0.00	2.80	1.0000000000e+00
0.00	2.90	1.0000000000e+00
0.00	3.00	1.0000000000e+00
0.10	0.00	1.0000000000e+00
0.10	0.10	2.3706092776e-04
0.10	0.20	5.6556035850e-03
0.10	0.30	6.2097484873e-03
0.10	0.40	6.2463243092e-03
0.10	0.50	6.2471571866e-03
0.10	0.60	6.2471636316e-03
0.10	0.70	6.2471636489e-03
0.10	0.80	6.2471636489e-03
0.10	0.90	6.2471636489e-03
0.10	1.00	6.2471636489e-03
0.10	1.10	6.2471636489e-03
0.10	1.20	6.2471636489e-03
0.10	1.30	6.2471636489e-03
0.10	1.40	6.2471636489e-03
0.10	1.50	6.2471636489e-03
0.10	1.60	6.2471636489e-03
0.10	1.70	6.2471636489e-03
0.10	1.80	6.2471636489e-03
0.10	1.90	6.2471636489e-03
0.10	2.00	6.2471636489e-03
0.10	2.10	6.2471636489e-03
0.10	2.20	6.2471636489e-03
0.10	2.30	6.2471636489e-03
0.10	2.40	6.2471636489e-03
0.10	2.50	6.2471636489e-03
0.10	2.60	6.2471636489e-03
0.10	2.70	6.2471636489e-03
0.10	2.80	6.2471636489e-03
0.10	2.90	6.2471636489e-03
0.10	3.00	6.2471636489e-03
0.20	0.00	1.0000000000e+00
0.20	0.10	9.0485871257e-03
0.20	0.20	1.3685244384e-04
0.20	0.30	1.5113060136e-02
0.20	0.40	1.9279670112e-02
0.20	0.50	2.0740014535e-02
0.20	0.60	2.1158671329e-02
0.20	0.70	2.1249687323e-02
0.20	0.80	2.1264384275e-02
0.20	0.90	2.1266147500e-02
0.20	1.00	2.1266305547e-02
0.20	1.10	2.1266316183e-02
0.20	1.20	2.1266316722e-02
0.20	1.30	2.1266316742e-02
0.20	1.40	2.1266316743e-02
0.20	1.50	2.1266316743e-02
0.20	1.60	2.1266316743e-02
0.20	1.70	2.1266316743e-02
0.20	1.80	2.1266316743e-02
0.20	1.90	2.1266316743e-02
0.20	2.00	2.1266316743e-02
0.20	2.10	2.1266316743e-02
0.20	2.20	2.1266316743e-02
0.20	2.30	2.1266316743e-02
0.20	2.40	2.1266316743e-02
0.20	2.50	2.1266316743e-02
0.20	2.60	2.1266316743e-02
0.20	2.70	2.1266316743e-02
0.20	2.80	2.1266316743e-02
0.20	2.90	2.1266316743e-02
0.20	3.00	2.1266316743e-02
0.30	0.00	1.0000000000e+00
0.30	0.10	3.3060984542e-02
0.30	0.20	1.0016045349e-02
0.30	0.30	1.3017737477e-05
0.30	0.40	2.2888227088e-02
0.30	0.50	3.2069085370e-02
0.30	0.60	3.6632665187e-02
0.30	0.70	3.8823064811e-02
0.30	0.80	3.9775010251e-02
0.30	0.90	4.0139558676e-02
0.30	1.00	4.0261083161e-02
0.30	1.10	4.0296210117e-02
0.30	1.20	4.0305017156e-02
0.30	1.30	4.0306936066e-02
0.30	1.40	4.0307300151e-02
0.30	1.50	4.0307360409e-02
0.30	1.60	4.0307369119e-02
0.30	1.70	4.0307370220e-02
0.30	1.80	4.0307370341e-02
0.30	1.90	4.0307370353e-02
0.30	2.00	4.0307370354e-02
0.30	2.10	4.0307370354e-02
0.30	2.20	4.0307370354e-02
0.30	2.30	4.0307370354e-02
0.30	2.40	4.0307370354e-02
0.30	2.50	4.0307370354e-02
0.30	2.60	4.0307370354e-02
0.30	2.70	4.0307370354e-02
0.30	2.80	4.0307370354e-02
0.30	2.90	4.0307370354e-02
0.30	3.00	4.0307370354e-02
0.40	0.00	1.0000000000e+00
0.40	0.10	6.9287560706e-02
0.40	0.20	3.1834222332e-02
0.40	0.30	1.3924191110e-02
0.40	0.40	1.0874042139e-07
0.40	0.50	2.7295349121e-02
0.40	0.60	4.1529085742e-02
0.40	0.70	4.9720390868e-02
0.40	0.80	5.4485179106e-02
0.40	0.90	5.7149787882e-02
0.40	1.00	5.8549861132e-02
0.40	1.10	5.9232414247e-02
0.40	1.20	5.9539026515e-02
0.40	1.30	5.9665527061e-02
0.40	1.40	5.9713415988e-02
0.40	1.50	5.9730056540e-02
0.40	1.60	5.9735368818e-02
0.40	1.70	5.9736928424e-02
0.40	1.80	5.9737349897e-02
0.40	1.90	5.9737454822e-02
0.40	2.00	5.9737478899e-02
0.40	2.10	5.9737483995e-02
0.40	2.20	5.9737484990e-02
0.40	2.30	5.9737485169e-02
0.40	2.40	5.9737485199e-02
0.40	2.50	5.9737485203e-02
0.40	2.60	5.9737485204e-02
0.40	2.70	5.9737485204e-02
0.40	2.80	5.9737485204e-02
0.40	2.90	5.9737485204e-02
0.40	3.00	5.9737485204e-02
0.50	0.00	1.0000000000e+00
0.50	0.10	1.1488201045e-01
0.50	0.20	6.4430951943e-02
0.50	0.30	3.3725337353e-02
0.50	0.40	2.2131684139e-02
0.50	0.50	NaN
0.50	0.60	2.8330443246e-02
0.50	0.70	4.6732575863e-02
0.50	0.80	5.8351497517e-02
0.50	0.90	6.5822976853e-02
0.50	1.00	7.0548899470e-02
0.50	1.10	7.3437150023e-02
0.50	1.20	7.5124744927e-02
0.50	1.30	7.6061256012e-02
0.50	1.40	7.6552845949e-02
0.50	1.50	7.6796379982e-02
0.50	1.60	7.6910132113e-02
0.50	1.70	7.6960220948e-02
0.50	1.80	7.6981020188e-02
0.50	1.90	7.6989169390e-02
0.50	2.00	7.6992183793e-02
0.50	2.10	7.6993237081e-02
0.50	2.20	7.6993584909e-02
0.50	2.30	7.6993693508e-02
0.50	2.40	7.6993725577e-02
0.50	2.50	7.6993734536e-02
0.50	2.60	7.6993736904e-02
0.50	2.70	7.6993737497e-02
0.50	2.80	7.6993737637e-02
0.50	2.90	7.6993737668e-02
0.50	3.00	7.6993737675e-02
0.60	0.00	1.0000000000e+00
0.60	0.10	1.6719896345e-01
0.60	0.20	1.0513543051e-01
0.60	0.30	6.2880786728e-02
0.60	0.40	4.0234329095e-02
0.60	0.50	3.5724076880e-02
0.60	0.60	NaN
0.60	0.70	2.6821960972e-02
0.60	0.80	4.7934257012e-02
0.60	0.90	6.2302963785e-02
0.60	1.00	7.2173799716e-02
0.60	1.10	7.8893569482e-02
0.60	1.20	8.3370245449e-02
0.60	1.30	8.6264999778e-02
0.60	1.40	8.8071866224e-02
0.60	1.50	8.9156457015e-02
0.60	1.60	8.9780994532e-02
0.60	1.70	9.0125470523e-02
0.60	1.80	9.0307333108e-02
0.60	1.90	9.0399211773e-02
0.60	2.00	9.0443636149e-02
0.60	2.10	9.0464199450e-02
0.60	2.20	9.0473315224e-02
0.60	2.30	9.0477186850e-02
0.60	2.40	9.0478762834e-02
0.60	2.50	9.0479377885e-02
0.60	2.60	9.0479608078e-02
0.60	2.70	9.0479690720e-02
0.60	2.80	9.0479719186e-02
0.60	2.90	9.0479728594e-02
0.60	3.00	9.0479731579e-02
0.70	0.00	1.0000000000e+00
0.70	0.10	2.2384118407e-01
0.70	0.20	1.5148560031e-01
0.70	0.30	9.8970985385e-02
0.70	0.40	6.6199000040e-02
0.70	0.50	5.2732932758e-02
0.70	0.60	5.5034150118e-02
0.70	0.70	NaN
0.70	0.80	2.3810899880e-02
0.70	0.90	4.6002407250e-02
0.70	1.00	6.2169524684e-02
0.70	1.10	7.3858983226e-02
0.70	1.20	8.2232432306e-02
0.70	1.30	8.8132901444e-02
0.70	1.40	9.2199916851e-02
0.70	1.50	9.4930386764e-02
0.70	1.60	9.6710396246e-02
0.70	1.70	9.7834643513e-02
0.70	1.80	9.8521544269e-02
0.70	1.90	9.8927150403e-02
0.70	2.00	9.9158502284e-02
0.70	2.10	9.9285947238e-02
0.70	2.20	9.9353754236e-02
0.70	2.30	9.9388604819e-02
0.70	2.40	9.9405912616e-02
0.70	2.50	9.9414220554e-02
0.70	2.60	9.9418076102e-02
0.70	2.70	9.9419806448e-02
0.70	2.80	9.9420557612e-02
0.70	2.90	9.9420873098e-02
0.70	3.00	9.9421001315e-02
0.80	0.00	1.0000000000e+00
0.80	0.10	2.8269064702e-01
0.80	0.20	2.0128428751e-01
0.80	0.30	1.3973894031e-01
0.80	0.40	9.7995773874e-02
0.80	0.50	7.5841746197e-02
0.80	0.60	7.2365299162e-02
0.80	0.70	7.7493775590e-02
0.80	0.80	NaN
0.80	0.90	2.0189011154e-02
0.80	1.00	4.1996552509e-02
0.80	1.10	5.8935957755e-02
0.80	1.20	7.1731346924e-02
0.80	1.30	8.1264633436e-02
0.80	1.40	8.8259587929e-02
0.80	1.50	9.3298191376e-02
0.80	1.60	9.6850973571e-02
0.80	1.70	9.9297458577e-02
0.80	1.80	1.0093972146e-01
0.80	1.90	1.0201293024e-01
0.80	2.00	1.0269504988e-01
0.80	2.10	1.0311646981e-01
0.80	2.20	1.0336946478e-01
0.80	2.30	1.0351703781e-01
0.80	2.40	1.0360067919e-01
0.80	2.50	1.0364674906e-01
0.80	2.60	1.0367141401e-01
0.80	2.70	1.0368425229e-01
0.80	2.80	1.0369075049e-01
0.80	2.90	1.0369394960e-01
0.80	3.00	1.0369548175e-01
0.90	0.00	1.0000000000e+00
0.90	0.10	3.4192725564e-01
0.90	0.20	2.5262379197e-01
0.90	0.30	1.8319533569e-01
0.90	0.40	1.3360218484e-01
0.90	0.50	1.0371484866e-01
0.90	0.60	9.3112306113e-02
0.90	0.70	9.9742959511e-02
0.90	0.80	8.5308334822e-02
0.90	0.90	NaN
0.90	1.00	1.6566083603e-02
0.90	1.10	3.6894438210e-02
0.90	1.20	5.3669679611e-02
0.90	1.30	6.6848910285e-02
0.90	1.40	7.6994451958e-02
0.90	1.50	8.4676188915e-02
0.90	1.60	9.0392990653e-02
0.90	1.70	9.4568334356e-02
0.90	1.80	9.7556497224e-02
0.90	1.90	9.9649198730e-02
0.90	2.00	1.0108183244e-01
0.90	2.10	1.0203977311e-01
0.90	2.20	1.0266505532e-01
0.90	2.30	1.0306334542e-01
0.90	2.40	1.0331088085e-01
0.90	2.50	1.0346097958e-01
0.90	2.60	1.0354978675e-01
0.90	2.70	1.0360106196e-01
0.90	2.80	1.0362995731e-01
0.90	2.90	1.0364585335e-01
0.90	3.00	1.0365439164e-01
1.00	0.00	1.0000000000e+00
1.00	0.10	4.0003607531e-01
1.00	0.20	3.0389641384e-01
1.00	0.30	2.2764217073e-01
1.00	0.40	1.7124423177e-01
1.00	0.50	1.3461323695e-01
1.00	0.60	1.1749983097e-01
1.00	0.70	1.1903706981e-01
1.00	0.80	1.3373024747e-01
1.00	0.90	5.3108400438e-02
1.00	1.00	NaN
1.00	1.10	1.3281797918e-02
1.00	1.20	3.1458026954e-02
1.00	1.30	4.7327300475e-02
1.00	1.40	6.0251730562e-02
1.00	1.50	7.0487488323e-02
1.00	1.60	7.8439494106e-02
1.00	1.70	8.4510049951e-02
1.00	1.80	8.9062891389e-02
1.00	1.90	9.2414938381e-02
1.00	2.00	9.4835662242e-02
1.00	2.10	9.6549058242e-02
1.00	2.20	9.7736957955e-02
1.00	2.30	9.8543288276e-02
1.00	2.40	9.9078993465e-02
1.00	2.50	9.9427287305e-02
1.00	2.60	9.9648876607e-02
1.00	2.70	9.9786835003e-02
1.00	2.80	9.9870893898e-02
1.00	2.90	9.9921025590e-02
1.00	3.00	9.9950294093e-02
1.10	0.00	1.0000000000e+00
1.10	0.10	4.5580393163e-01
1.10	0.20	3.5379363718e-01
1.10	0.30	2.7167680777e-01
1.10	0.40	2.0943073594e-01
1.10	0.50	1.6698837860e-01
1.10	0.60	1.4417978820e-01
1.10	0.70	1.4051487931e-01
1.10	0.80	1.5398439789e-01
1.10	0.90	1.6411250675e-01
1.10	1.00	3.1765911355e-02
1.10	1.10	NaN
1.10	1.20	1.0477450853e-02
1.10	1.30	2.6203023286e-02
1.10	1.40	4.0660532736e-02
1.10	1.50	5.2830629485e-02
1.10	1.60	6.2714592872e-02
1.10	1.70	7.0562331026e-02
1.10	1.80	7.6678053755e-02
1.10	1.90	8.1360705944e-02
1.10	2.00	8.4883448661e-02
1.10	2.10	8.7486385319e-02
1.10	2.20	8.9374599033e-02
1.10	2.30	9.0718812323e-02
1.10	2.40	9.1657614936e-02
1.10	2.50	9.2300704048e-02
1.10	2.60	9.2732722273e-02
1.10	2.70	9.3017330327e-02
1.10	2.80	9.3201202840e-02
1.10	2.90	9.3317707695e-02
1.10	3.00	9.3390114205e-02
1.20	0.00	1.0000000000e+00
1.20	0.10	5.0830656622e-01
1.20	0.20	4.0129551435e-01
1.20	0.30	3.1418429812e-01
1.20	0.40	2.4695434345e-01
1.20	0.50	1.9955226404e-01
1.20	0.60	1.7185124050e-01
1.20	0.70	1.6352628239e-01
1.20	0.80	1.7352084039e-01
1.20	0.90	1.9603370426e-01
1.20	1.00	1.3464607445e-01
1.20	1.10	2.0422455746e-02
1.20	1.20	NaN
1.20	1.30	8.1729763065e-03
1.20	1.40	2.1428625091e-02
1.20	1.50	3.4195392551e-02
1.20	1.60	4.5270502134e-02
1.20	1.70	5.4469438569e-02
1.20	1.80	6.1911478067e-02
1.20	1.90	6.7810809153e-02
1.20	2.00	7.2403070138e-02
1.20	2.10	7.5916106214e-02
1.20	2.20	7.8557462316e-02
1.20	2.30	8.0509154838e-02
1.20	2.40	8.1926112017e-02
1.20	2.50	8.2936731179e-02
1.20	2.60	8.3644755185e-02
1.20	2.70	8.4131955418e-02
1.20	2.80	8.4461231854e-02
1.20	2.90	8.4679818808e-02
1.20	3.00	8.4822357466e-02
1.30	0.00	1.0000000000e+00
1.30	0.10	5.5688788395e-01
1.30	0.20	4.4565185242e-01
1.30	0.30	3.5432077853e-01
1.30	0.40	2.8287888664e-01
1.30	0.50	2.3128172511e-01
1.30	0.60	1.9942846123e-01
1.30	0.70	1.8708062826e-01
1.30	0.80	1.9356685975e-01
1.30	0.90	2.1618597830e-01
1.30	1.00	2.2982309454e-01
1.30	1.10	8.0319202681e-02
1.30	1.20	1.3729935603e-02
1.30	1.30	NaN
1.30	1.40	6.3260917592e-03
1.30	1.50	1.7271285449e-02
1.30	1.60	2.8255699013e-02
1.30	1.70	3.8046071760e-02
1.30	1.80	4.6341911977e-02
1.30	1.90	5.3163013957e-02
1.30	2.00	5.8647707331e-02
1.30	2.10	6.2974545689e-02
1.30	2.20	6.6328223443e-02
1.30	2.30	6.8883608264e-02
1.30	2.40	7.0798142667e-02
1.30	2.50	7.2208594995e-02
1.30	2.60	7.3230320389e-02
1.30	2.70	7.3958069702e-02
1.30	2.80	7.4467755662e-02
1.30	2.90	7.4818759821e-02
1.30	3.00	7.5056465821e-02
1.40	0.00	1.0000000000e+00
1.40	0.10	6.0113306871e-01
1.40	0.20	4.8635697970e-01
1.40	0.30	3.9149000713e-01
1.40	0.40	3.1651834207e-01
1.40	0.50	2.6140366927e-01
1.40	0.60	2.2606197845e-01
1.40	0.70	2.1030563774e-01
1.40	0.80	2.1365520074e-01
1.40	0.90	2.3450802933e-01
1.40	1.00	2.6348686123e-01
1.40	1.10	1.7580178897e-01
1.40	1.20	5.1479809822e-02
1.40	1.30	9.5114862994e-03
1.40	1.40	NaN
1.40	1.50	4.8700127430e-03
1.40	1.60	1.3759389187e-02
1.40	1.70	2.3006371717e-02
1.40	1.80	3.1448298920e-02
1.40	1.90	3.8728345806e-02
1.40	2.00	4.4798281758e-02
1.40	2.10	4.9737282318e-02
1.40	2.20	5.3675749028e-02
1.40	2.30	5.6759839505e-02
1.40	2.40	5.9133796369e-02
1.40	2.50	6.0930929910e-02
1.40	2.60	6.2269246308e-02
1.40	2.70	6.3249791666e-02
1.40	2.80	6.3956674087e-02
1.40	2.90	6.4458131110e-02
1.40	3.00	6.4808211176e-02
1.50	0.00	1.0000000000e+00
1.50	0.10	6.4083746255e-01
1.50	0.20	5.2311997659e-01
1.50	0.30	4.2531500403e-01
1.50	0.40	3.4741015917e-01
1.50	0.50	2.8937149682e-01
1.50	0.60	2.5112647260e-01
1.50	0.70	2.3251974859e-01
1.50	0.80	2.3318075690e-01
1.50	0.90	2.5201300993e-01
1.50	1.00	2.8410039337e-01
1.50	1.10	2.7465171744e-01
1.50	1.20	1.0760737167e-01
1.50	1.30	3.4600776087e-02
1.50	1.40	6.7296846736e-03
1.50	1.50	NaN
1.50	1.60	3.7342658246e-03
1.50	1.70	1.0857898680e-02
1.50	1.80	1.8499840384e-02
1.50	1.90	2.5623905780e-02
1.50	2.00	3.1861743538e-02
1.50	2.10	3.7124623793e-02
1.50	2.20	4.1448988672e-02
1.50	2.30	4.4926913794e-02
1.50	2.40	4.7671871364e-02
1.50	2.50	4.9800838973e-02
1.50	2.60	5.1424727361e-02
1.50	2.70	5.2643419546e-02
1.50	2.80	5.3543554192e-02
1.50	2.90	5.4198017668e-02
1.50	3.00	5.4666507754e-02
1.60	0.00	1.0000000000e+00
1.60	0.10	6.7597309358e-01
1.60	0.20	5.5583225032e-01
1.60	0.30	4.5560670385e-01
1.60	0.40	3.7528512243e-01
1.60	0.50	3.1483675921e-01
1.60	0.60	2.7419718656e-01
1.60	0.70	2.5323275614e-01
1.60	0.80	2.5164030494e-01
1.60	0.90	2.6859597376e-01
1.60	1.00	3.0097811275e-01
1.60	1.10	3.2481554858e-01
1.60	1.20	1.7609487295e-01
1.60	1.30	7.0296297301e-02
1.60	1.40	2.3985411455e-02
1.60	1.50	4.8346504295e-03
1.60	1.60	NaN
1.60	1.70	2.8545225337e-03
1.60	1.80	8.5001923503e-03
1.60	1.90	1.4716513090e-02
1.60	2.00	2.0616215638e-02
1.60	2.10	2.5849249225e-02
1.60	2.20	3.0307977886e-02
1.60	2.30	3.4000444353e-02
1.60	2.40	3.6989770874e-02
1.60	2.50	3.9362852349e-02
1.60	2.60	4.1213337215e-02
1.60	2.70	4.2632191459e-02
1.60	2.80	4.3702597740e-02
1.60	2.90	4.4497484473e-02
1.60	3.00	4.5078708820e-02
1.70	0.00	1.0000000000e+00
1.70	0.10	7.0665461395e-01
1.70	0.20	5.8453421948e-01
1.70	0.30	4.8233140462e-01
1.70	0.40	4.0003563233e-01
1.70	0.50	3.3761854519e-01
1.70	0.60	2.9502162527e-01
1.70	0.70	2.7212639470e-01
1.70	0.80	2.6867406671e-01
1.70	0.90	2.8400344142e-01
1.70	1.00	3.1587943298e-01
1.70	1.10	3.5108242675e-01
1.70	1.20	2.5086445013e-01
1.70	1.30	1.1209647537e-01
1.70	1.40	4.7830216115e-02
1.70	1.50	1.6981205507e-02
1.70	1.60	3.5120443801e-03
1.70	1.70	NaN
1.70	1.80	2.1761733197e-03
1.70	1.90	6.6084942740e-03
1.70	2.00	1.1595917553e-02
1.70	2.10	1.6400825328e-02
1.70	2.20	2.0708643562e-02
1.70	2.30	2.4408186739e-02
1.70	2.40	2.7490509717e-02
1.70	2.50	2.9997889882e-02
1.70	2.60	3.1996335835e-02
1.70	2.70	3.3560134316e-02
1.70	2.80	3.4763039301e-02
1.70	2.90	3.5673370318e-02
1.70	3.00	3.6351527522e-02
1.80	0.00	1.0000000000e+00
1.80	0.10	7.3310619339e-01
1.80	0.20	6.0938266948e-01
1.80	0.30	5.0557859595e-01
1.80	0.40	4.2168404328e-01
1.80	0.50	3.5767246671e-01
1.80	0.60	3.1348974153e-01
1.80	0.70	2.8902832199e-01
1.80	0.80	2.8405996357e-01
1.80	0.90	2.9802762770e-01
1.80	1.00	3.2919486680e-01
1.80	1.10	3.6893509838e-01
1.80	1.20	3.2196205627e-01
1.80	1.30	1.5620584500e-01
1.80	1.40	7.5021672651e-02
1.80	1.50	3.3423174276e-02
1.80	1.60	1.2201069572e-02
1.80	1.70	2.5717704306e-03
1.80	1.80	NaN
1.80	1.90	1.6547230058e-03
1.80	2.00	5.1057165621e-03
1.80	2.10	9.0585145264e-03
1.80	2.20	1.2913580839e-02
1.80	2.30	1.6399533899e-02
1.80	2.40	1.9411472098e-02
1.80	2.50	2.1931839030e-02
1.80	2.60	2.3988568298e-02
1.80	2.70	2.5631681287e-02
1.80	2.80	2.6919754610e-02
1.80	2.90	2.7912032177e-02
1.80	3.00	2.8663949694e-02
1.90	0.00	1.0000000000e+00
1.90	0.10	7.5563063317e-01
1.90	0.20	6.3062006907e-01
1.90	0.30	5.2553048499e-01
1.90	0.40	4.4035242055e-01
1.90	0.50	3.7506072141e-01
1.90	0.60	3.2960457857e-01
1.90	0.70	3.0388449835e-01
1.90	0.80	2.9769394976e-01
1.90	0.90	3.1054604581e-01
1.90	1.00	3.4101033233e-01
1.90	1.10	3.8278810088e-01
1.90	1.20	3.7461456855e-01
1.90	1.30	1.9967872861e-01
1.90	1.40	1.0305454504e-01
1.90	1.50	5.1826853131e-02
1.90	1.60	2.3782131825e-02
1.90	1.70	8.8576965453e-03
1.90	1.80	1.8937627956e-03
1.90	1.90	NaN
1.90	2.00	1.2547902116e-03
1.90	2.10	3.9215079639e-03
1.90	2.20	7.0197488172e-03
1.90	2.30	1.0070765813e-02
1.90	2.40	1.2847697112e-02
1.90	2.50	1.5257391663e-02
1.90	2.60	1.7279350975e-02
1.90	2.70	1.8932050740e-02
1.90	2.80	2.0253497382e-02
1.90	2.90	2.1289716036e-02
1.90	3.00	2.2087926097e-02
2.00	0.00	1.0000000000e+00
2.00	0.10	7.7458164914e-01
2.00	0.20	6.4854682943e-01
2.00	0.30	5.4243423604e-01
2.00	0.40	4.5623477352e-01
2.00	0.50	3.8992436204e-01
2.00	0.60	3.4345472189e-01
2.00	0.70	3.1673238429e-01
2.00	0.80	3.0956662360e-01
2.00	0.90	3.2151955353e-01
2.00	1.00	3.5136028999e-01
2.00	1.10	3.9411661970e-01
2.00	1.20	4.0826147532e-01
2.00	1.30	2.4044157480e-01
2.00	1.40	1.3013457723e-01
2.00	1.50	7.0491906643e-02
2.00	1.60	3.6564475104e-02
2.00	1.70	1.7133591388e-02
2.00	1.80	6.4762818763e-03
2.00	1.90	1.3995245259e-03
2.00	2.00	NaN
2.00	2.10	9.4864807113e-04
2.00	2.20	2.9947180058e-03
2.00	2.30	5.3983209177e-03
2.00	2.40	7.7826241847e-03
2.00	2.50	9.9627318118e-03
2.00	2.60	1.1859557361e-02
2.00	2.70	1.3453150338e-02
2.00	2.80	1.4755990206e-02
2.00	2.90	1.5797141852e-02
2.00	3.00	1.6612694028e-02
2.10	0.00	1.0000000000e+00
2.10	0.10	7.9033994837e-01
2.10	0.20	6.6349716801e-01
2.10	0.30	5.5657762478e-01
2.10	0.40	4.6957250828e-01
2.10	0.50	4.0245857293e-01
2.10	0.60	3.5518948192e-01
2.10	0.70	3.2767632400e-01
2.10	0.80	3.1974007409e-01
2.10	0.90	3.3097798628e-01
2.10	1.00	3.6029511528e-01
2.10	1.10	4.0353872971e-01
2.10	1.20	4.3017607272e-01
2.10	1.30	2.7721088068e-01
2.10	1.40	1.5509640884e-01
2.10	1.50	8.8267978239e-02
2.10	1.60	4.9367485547e-02
2.10	1.70	2.6165735399e-02
2.10	1.80	1.2447945387e-02
2.10	1.90	4.7568756504e-03
2.10	2.00	1.0362764505e-03
2.10	2.10	NaN
2.10	2.20	7.1475241014e-04
2.10	2.30	2.2738217771e-03
2.10	2.40	4.1204941149e-03
2.10	2.50	5.9617340256e-03
2.10	2.60	7.6500135493e-03
2.10	2.70	9.1205378724e-03
2.10	2.80	1.0355780319e-02
2.10	2.90	1.1364540201e-02
2.10	3.00	1.2169234489e-02
2.20	0.00	1.0000000000e+00
2.20	0.10	8.0329341616e-01
2.20	0.20	6.7581893373e-01
2.20	0.30	5.6826850368e-01
2.20	0.40	4.8063353877e-01
2.20	0.50	4.1289144249e-01
2.20	0.60	3.6499737635e-01
2.20	0.70	3.3686590101e-01
2.20	0.80	3.2832675436e-01
2.20	0.90	3.3900286791e-01
2.20	1.00	3.6789481824e-01
2.20	1.10	4.1138569729e-01
2.20	1.20	4.4536569087e-01
2.20	1.30	3.0934246946e-01
2.20	1.40	1.7728906259e-01
2.20	1.50	1.0445321320e-01
2.20	1.60	6.1426286372e-02
2.20	1.70	3.5120474808e-02
2.20	1.80	1.8903239183e-02
2.20	1.90	9.0928109791e-03
2.20	2.00	3.5029398739e-03
2.20	2.10	7.6769869873e-04
2.20	2.20	NaN
2.20	2.30	5.3644048155e-04
2.20	2.40	1.7162980667e-03
2.20	2.50	3.1218671305e-03
2.20	2.60	4.5276938470e-03
2.20	2.70	5.8182133842e-03
2.20	2.80	6.9419008540e-03
2.20	2.90	7.8844228482e-03
2.20	3.00	8.6523593561e-03
2.30	0.00	1.0000000000e+00
2.30	0.10	8.1382145740e-01
2.30	0.20	6.8585747699e-01
2.30	0.30	5.7781820236e-01
2.30	0.40	4.8969522093e-01
2.30	0.50	4.2146644111e-01
2.30	0.60	3.7308818163e-01
2.30	0.70	3.4447765818e-01
2.30	0.80	3.3547122046e-01
2.30	0.90	3.4571080589e-01
2.30	1.00	3.7426560896e-01
2.30	1.10	4.1788345921e-01
2.30	1.20	4.5642987375e-01
2.30	1.30	3.3665605316e-01
2.30	1.40	1.9645230404e-01
2.30	1.50	1.1868989598e-01
2.30	1.60	7.2297889316e-02
2.30	1.70	4.3476438971e-02
2.30	1.80	2.5246520636e-02
2.30	1.90	1.3739960805e-02
2.30	2.00	6.6624933554e-03
2.30	2.10	2.5818588383e-03
2.30	2.20	5.6830711063e-04
2.30	2.30	NaN
2.30	2.40	4.0085280050e-04
2.30	2.50	1.2875556273e-03
2.30	2.60	2.3476384642e-03
2.30	2.70	3.4093305875e-03
2.30	2.80	4.3835862967e-03
2.30	2.90	5.2304882492e-03
2.30	3.00	5.9389699102e-03
2.40	0.00	1.0000000000e+00
2.40	0.10	8.2228331139e-01
2.40	0.20	6.9394342108e-01
2.40	0.30	5.8552875653e-01
2.40	0.40	4.9703104159e-01
2.40	0.50	4.2842857681e-01
2.40	0.60	3.7967857398e-01
2.40	0.70	3.5070028171e-01
2.40	0.80	3.4133505858e-01
2.40	0.90	3.5123902631e-01
2.40	1.00	3.7953142448e-01
2.40	1.10	4.2321551980e-01
2.40	1.20	4.6473949086e-01
2.40	1.30	3.5929219434e-01
2.40	1.40	2.1260104174e-01
2.40	1.50	1.3086837460e-01
2.40	1.60	8.1775830492e-02
2.40	1.70	5.0945373672e-02
2.40	1.80	3.1116508898e-02
2.40	1.90	1.8269431262e-02
2.40	2.00	1.0021907762e-02
2.40	2.10	4.8876081724e-03
2.40	2.20	1.9019771167e-03
2.40	2.30	4.1992411189e-04
2.40	2.40	NaN
2.40	2.50	2.9807157699e-04
2.40	2.60	9.5973985008e-04
2.40	2.70	1.7520493818e-03
2.40	2.80	2.5453409792e-03
2.40	2.90	3.2720384110e-03
2.40	3.00	3.9019392641e-03
2.50	0.00	1.0000000000e+00
2.50	0.10	8.2900998914e-01
2.50	0.20	7.0038401714e-01
2.50	0.30	5.9168368152e-01
2.50	0.40	5.0290081237e-01
2.50	0.50	4.3401401369e-01
2.50	0.60	3.8498118486e-01
2.50	0.70	3.5572312955e-01
2.50	0.80	3.4608500576e-01
2.50	0.90	3.5573356931e-01
2.50	1.00	3.8382492019e-01
2.50	1.10	4.2754477121e-01
2.50	1.20	4.7108225083e-01
2.50	1.30	3.7762063124e-01
2.50	1.40	2.2592743151e-01
2.50	1.50	1.4104560176e-01
2.50	1.60	8.9817746578e-02
2.50	1.70	5.7404914001e-02
2.50	1.80	3.6322082972e-02
2.50	1.90	2.2428304123e-02
2.50	2.00	1.3270968348e-02
2.50	2.10	7.3204394144e-03
2.50	2.20	3.5842597364e-03
2.50	2.30	1.3986819590e-03
2.50	2.40	3.0940190456e-04
2.50	2.50	NaN
2.50	2.60	2.2044663998e-04
2.50	2.70	7.1058988598e-04
2.50	2.80	1.2974387998e-03
2.50	2.90	1.8840087737e-03
2.50	3.00	2.4197481004e-03
2.60	0.00	1.0000000000e+00
2.60	0.10	8.3429936786e-01
2.60	0.20	7.0545764612e-01
2.60	0.30	5.9654188236e-01
2.60	0.40	5.0754398898e-01
2.60	0.50	4.3844280376e-01
2.60	0.60	3.8919675334e-01
2.60	0.70	3.5972782770e-01
2.60	0.80	3.4988406392e-01
2.60	0.90	3.5934020287e-01
2.60	1.00	3.8727964732e-01
2.60	1.10	4.3102013348e-01
2.60	1.20	4.7595618926e-01
2.60	1.30	3.9216236403e-01
2.60	1.40	2.3672413562e-01
2.60	1.50	1.4938052685e-01
2.60	1.60	9.6487395564e-02
2.60	1.70	6.2844346698e-02
2.60	1.80	4.0790138740e-02
2.60	1.90	2.6088578868e-02
2.60	2.00	1.6231646248e-02
2.60	2.10	9.6555658975e-03
2.60	2.20	5.3458623516e-03
2.60	2.30	2.6240527383e-03
2.60	2.40	1.0256710620e-03
2.60	2.50	2.2711833468e-04
2.60	2.60	NaN
2.60	2.70	1.6207452566e-04
2.60	2.80	5.2242142327e-04
2.60	2.90	9.5316743655e-04
2.60	3.00	1.3824262812e-03
2.70	0.00	1.0000000000e+00
2.70	0.10	8.3841391529e-01
2.70	0.20	7.0941096342e-01
2.70	0.30	6.0033421925e-01
2.70	0.40	5.1117565858e-01
2.70	0.50	4.4191429819e-01
2.70	0.60	3.9250896701e-01
2.70	0.70	3.6288255615e-01
2.70	0.80	3.5288527821e-01
2.70	0.90	3.6219786481e-01
2.70	1.00	3.9002398861e-01
2.70	1.10	4.3377768157e-01
2.70	1.20	4.7970372838e-01
2.70	1.30	4.0350490868e-01
2.70	1.40	2.4532810051e-01
2.70	1.50	1.5608578872e-01
2.70	1.60	1.0191058170e-01
2.70	1.70	6.7322816634e-02
2.70	1.80	4.4524952883e-02
2.70	1.90	2.9206999276e-02
2.70	2.00	1.8817933377e-02
2.70	2.10	1.1767454022e-02
2.70	2.20	7.0239598501e-03
2.70	2.30	3.8974961143e-03
2.70	2.40	1.9156790948e-03
2.70	2.50	7.4931135565e-04
2.70	2.60	1.6596244815e-04
2.70	2.70	NaN
2.70	2.80	1.1839841379e-04
2.70	2.90	3.8125809415e-04
2.70	3.00	6.9455371261e-04
2.80	0.00	1.0000000000e+00
2.80	0.10	8.4158050014e-01
2.80	0.20	7.1245816030e-01
2.80	0.30	6.0326222031e-01
2.80	0.40	5.1398470446e-01
2.80	0.50	4.4460476571e-01
2.80	0.60	3.9508153797e-01
2.80	0.70	3.6533859319e-01
2.80	0.80	3.5522778062e-01
2.80	0.90	3.6443431386e-01
2.80	1.00	3.9217690852e-01
2.80	1.10	4.3594010865e-01
2.80	1.20	4.8257576846e-01
2.80	1.30	4.1222796575e-01
2.80	1.40	2.5208205883e-01
2.80	1.50	1.6139362527e-01
2.80	1.60	1.0624328549e-01
2.80	1.70	7.0938508450e-02
2.80	1.80	4.7577733959e-02
2.80	1.90	3.1794547547e-02
2.80	2.00	2.1004998005e-02
2.80	2.10	1.3598445816e-02
2.80	2.20	8.5301450426e-03
2.80	2.30	5.1013281395e-03
2.80	2.40	2.8335240819e-03
2.80	2.50	1.3932280187e-03
2.80	2.60	5.4490202647e-04
2.80	2.70	1.2063761766e-04
2.80	2.80	NaN
2.80	2.90	8.5901830194e-05
2.80	3.00	2.7610799425e-04
2.90	0.00	1.0000000000e+00
2.90	0.10	8.4399176534e-01
2.90	0.20	7.1478183091e-01
2.90	0.30	6.0549844279e-01
2.90	0.40	5.1613366209e-01
2.90	0.50	4.4666674461e-01
2.90	0.60	3.9705705382e-01
2.90	0.70	3.6722867277e-01
2.90	0.80	3.5703467507e-01
2.90	0.90	3.6616361280e-01
2.90	1.00	3.9384533745e-01
2.90	1.10	4.3761606463e-01
2.90	1.20	4.8476415768e-01
2.90	1.30	4.1885620499e-01
2.90	1.40	2.5731017793e-01
2.90	1.50	1.6553331565e-01
2.90	1.60	1.0964982215e-01
2.90	1.70	7.3806939012e-02
2.90	1.80	5.0024701977e-02
2.90	1.90	3.3894090224e-02
2.90	2.00	2.2806248743e-02
2.90	2.10	1.5135136941e-02
2.90	2.20	9.8260450140e-03
2.90	2.30	6.1735193367e-03
2.90	2.40	3.6944670720e-03
2.90	2.50	2.0521106727e-03
2.90	2.60	1.0085496588e-03
2.90	2.70	3.9414391778e-04
2.90	2.80	8.7174736120e-05
2.90	2.90	NaN
2.90	3.00	6.1873612992e-05
3.00	0.00	1.0000000000e+00
3.00	0.10	8.4580858755e-01
3.00	0.20	7.1653497631e-01
3.00	0.30	6.0718802197e-01
3.00	0.40	5.1775981334e-01
3.00	0.50	4.4822968324e-01
3.00	0.60	3.9855716664e-01
3.00	0.70	3.6866672741e-01
3.00	0.80	3.5841234914e-01
3.00	0.90	3.6748505652e-01
3.00	1.00	3.9512290991e-01
3.00	1.10	4.3889992504e-01
3.00	1.20	4.8641930394e-01
3.00	1.30	4.2383881796e-01
3.00	1.40	2.6130431766e-01
3.00	1.50	1.6871745791e-01
3.00	1.60	1.1228881900e-01
3.00	1.70	7.6046455381e-02
3.00	1.80	5.1951993381e-02
3.00	1.90	3.5564613893e-02
3.00	2.00	2.4256847193e-02
3.00	2.10	1.6391126787e-02
3.00	2.20	1.0905278616e-02
3.00	2.30	7.0888361044e-03
3.00	2.40	4.4552386626e-03
3.00	2.50	2.6652516535e-03
3.00	2.60	1.4791997665e-03
3.00	2.70	7.2614128607e-04
3.00	2.80	2.8339188464e-04
3.00	2.90	6.2587059996e-05
3.00	3.00	NaN
